1024 0.0
0.000976562 -0.265919 -0.0824952 0.190551 0.109793 -0.186948 0.283782 
0.000976562 -0.0224476 0.536559 -0.368439 -0.0652777 -0.148204 -0.103287 
0.000976562 -0.182739 0.385521 -0.289555 0.600139 -0.176587 -0.425503 
0.000976562 -0.914592 -0.601468 1.2858 -0.339991 -0.247346 -0.163993 
0.000976562 0.287611 0.886325 1.61648 0.568867 0.0248777 -0.257791 
0.000976562 -0.414112 -0.501603 -0.116046 -0.372436 0.102501 -0.411703 
0.000976562 0.0552749 0.173684 0.310323 -0.749243 -0.214988 -0.510047 
0.000976562 0.203592 0.0848328 -0.392984 0.876535 -0.392715 -0.45457 
0.000976562 -0.150509 0.0130496 0.183065 -0.0491943 1.05498 -0.196146 
0.000976562 0.226387 -0.359516 -0.857735 -0.396599 -0.030163 0.199719 
0.000976562 -0.172432 0.455704 0.0165138 0.47266 -0.280194 -0.553026 
0.000976562 0.0935146 -0.579329 -0.137031 -0.594042 -0.14656 0.483066 
0.000976562 -0.28656 0.469797 0.382151 0.380222 0.0479738 -0.00435478 
0.000976562 0.459075 0.1998 0.214736 -0.447608 0.957083 0.122628 
0.000976562 -0.430865 1.04908 0.753847 0.00311181 0.237507 -0.249363 
0.000976562 -0.244276 -0.380549 0.77644 -0.518178 0.254713 -0.285755 
0.000976562 0.0877941 0.213969 0.25837 0.0862303 -0.167432 0.0366909 
0.000976562 -0.384147 1.02062 0.446697 -0.238057 0.236206 -0.131104 
0.000976562 0.471194 -0.119151 0.776621 -0.0895264 0.134128 0.115193 
0.000976562 0.0452216 0.0476444 0.121392 -1.09157 0.314888 -0.213906 
0.000976562 0.38288 -0.470036 0.404469 0.855294 0.475591 0.0743564 
0.000976562 -0.517945 0.28171 -1.43857 -0.117789 -0.294526 0.263672 
0.000976562 -0.714387 -0.0462449 -0.301331 -0.123805 -0.362986 -0.231022 
0.000976562 0.570566 0.292667 -0.570441 0.25381 -0.558625 -1.00283 
0.000976562 0.0617305 -0.241552 1.36797 -0.723512 -0.100852 -0.230128 
0.000976562 1.26619 0.951328 0.217847 0.129856 0.172919 0.253686 
0.000976562 -0.1294 0.138239 0.0764724 1.05804 -0.289885 -0.0371108 
0.000976562 2.70557 5.44231 -0.374223 0.173869 0.01793 -0.189682 
0.000976562 0.109281 0.151131 -1.26803 -0.0371638 0.201051 -0.0207773 
0.000976562 0.514733 0.379318 0.728977 0.308345 0.596036 0.352881 
0.000976562 0.0858446 -0.486423 0.0814656 0.240014 0.119313 -0.248881 
0.000976562 0.519918 0.347888 0.451174 -0.211311 0.0628291 0.259992 
0.000976562 -0.320863 -0.523044 -0.058245 0.00194088 -0.237085 0.120015 
0.000976562 2.03374 2.07998 -0.375463 0.158274 -0.381435 -0.172462 
0.000976562 -0.99301 -0.759519 0.233594 0.11209 0.271652 -0.0932255 
0.000976562 -0.0684387 -0.272751 0.220135 -0.234604 -0.201135 -0.513194 
0.000976562 -0.483045 0.521924 1.39547 0.289265 -0.189489 0.302143 
0.000976562 -0.979518 0.203118 -0.0198162 -0.605822 0.380892 -0.0620869 
0.000976562 0.239241 -1.66159 1.17571 -0.16175 -0.16374 0.158348 
0.000976562 -1.02057 -0.50671 0.383318 -0.0461637 0.0920524 0.0561201 
0.000976562 -1.0495 0.222944 -1.28046 0.154377 0.0641935 -0.407635 
0.000976562 1.31919 0.203768 -0.0523146 -0.963785 -0.0136328 0.447028 
0.000976562 -1.06784 -0.020609 -0.0200347 -0.511758 0.15617 0.285686 
0.000976562 -0.192191 0.263251 0.296085 -0.791414 0.211251 0.602903 
0.000976562 -0.147671 0.115699 -0.375465 -0.23134 -0.265406 -0.630414 
0.000976562 -0.161988 -0.145796 0.315747 -0.267037 -0.728525 -0.139328 
0.000976562 0.27846 -0.763447 -4.14589 0.338521 -0.379336 -0.272216 
0.000976562 -0.0549797 -1.42947 -0.385521 -0.095052 0.561505 0.00932305 
0.000976562 0.752206 -1.09348 0.314773 -0.244121 0.548888 0.643456 
0.000976562 0.448309 -0.911296 -0.759312 -0.185791 0.267115 -0.56172 
0.000976562 0.145563 0.139801 0.807293 -0.255265 0.565519 0.196548 
0.000976562 -0.108641 -0.209765 -0.17087 0.424477 -0.456379 0.334482 
0.000976562 1.24021 0.824535 -2.61259 0.0795828 0.113526 -0.246918 
0.000976562 -1.83559 3.03378 5.22 0.0123099 -0.0855608 0.143292 
0.000976562 -0.918677 0.0618307 0.366825 0.514959 -0.520224 0.562515 
0.000976562 1.77325 -0.227732 1.83725 -0.11573 -0.31784 0.125763 
0.000976562 -0.631613 -0.362914 -0.388246 -0.491144 0.582619 0.49414 
0.000976562 0.0761901 -0.160181 0.670679 -0.0264675 0.259598 0.233739 
0.000976562 0.645245 0.096954 0.0530803 -0.174253 1.05723 -0.0177631 
0.000976562 0.633123 -0.590021 -0.817974 -0.464819 0.349973 0.19818 
0.000976562 -0.641484 0.769639 0.0153229 -0.630051 -0.0199953 -0.090028 
0.000976562 0.0676661 0.464474 0.434404 -0.722712 0.930058 0.294609 
0.000976562 -0.678349 -0.792443 0.440319 -0.468695 0.0828805 -0.194597 
0.000976562 3.22144 0.091998 -1.64162 -0.078869 0.41344 0.0277479 
0.000976562 -0.44328 -0.47915 -0.916922 0.376877 -0.384515 0.271585 
0.000976562 -0.347533 0.294996 0.0836136 -1.10062 -0.258995 0.337507 
0.000976562 -0.211267 -0.106906 0.0800655 0.144394 -0.631303 0.868235 
0.000976562 2.40004 -2.20185 1.76195 -0.327379 -0.141718 -0.100221 
0.000976562 -0.0769153 0.345853 0.363687 0.0248316 0.0699244 -0.385216 
0.000976562 -0.289933 0.212709 0.0308021 0.686423 0.129498 0.221422 
0.000976562 0.0119096 0.160649 -0.0705629 -0.517694 0.825233 -0.522856 
0.000976562 0.951805 -0.408908 0.0362063 0.336073 0.196835 -0.15533 
0.000976562 -0.0574926 0.00967948 -0.354756 -0.245223 -0.607606 -0.234959 
0.000976562 5.08364 4.63061 -6.73247 0.118866 -0.155842 0.0337901 
0.000976562 0.871944 -0.841932 -0.0873171 0.344397 -0.121341 -0.380253 
0.000976562 -0.401663 -0.367835 0.543874 -0.375634 -0.118599 -0.0580797 
0.000976562 -0.749234 -0.295188 -0.489972 -0.0174079 -0.4832 -0.146514 
0.000976562 -1.13774 1.19477 -0.545515 -0.638057 -0.20161 -0.413965 
0.000976562 -1.04084 0.185025 -0.115947 0.330136 -0.835129 -0.0975622 
0.000976562 1.22275 0.232938 0.187067 0.0132263 0.44321 -0.045765 
0.000976562 0.065917 0.305463 0.132461 0.602762 0.442802 -0.500399 
0.000976562 0.113886 0.44498 -0.122658 0.818779 -0.169614 -1.10624 
0.000976562 0.335944 0.636832 0.269003 0.256736 0.368472 -0.117734 
0.000976562 0.162153 -0.338875 0.543372 -0.20003 0.478483 0.520155 
0.000976562 -0.0588313 0.458739 0.433425 -0.479228 -0.507183 0.0775041 
0.000976562 -2.30458 -2.82314 1.3972 0.0974816 0.22155 0.0862138 
0.000976562 0.311725 0.0558115 0.0323984 0.181711 0.245993 -0.617885 
0.000976562 -0.0523538 -0.2414 -0.269927 0.0207553 -0.802413 0.359878 
0.000976562 1.80033 -1.1481 1.02378 -0.580808 -0.0444096 -0.0363829 
0.000976562 -0.214965 -0.294783 0.443589 -0.304613 0.708346 0.692131 
0.000976562 0.58594 0.292101 0.0345491 0.565931 -0.5774 0.183521 
0.000976562 -0.35236 -0.164527 0.0992766 -0.535644 -0.59103 -0.387822 
0.000976562 0.327162 -0.219977 -0.284514 0.231096 0.275349 0.763422 
0.000976562 -2.37017 1.34336 -1.06662 -0.418873 -0.00135753 -0.197253 
0.000976562 0.095129 0.313463 -0.138547 0.126323 -1.42174 0.488332 
0.000976562 -0.849142 -0.35035 0.980383 0.1974 0.0250042 -0.125356 
0.000976562 -0.322358 -0.254497 0.214151 0.242836 0.355076 0.134527 
0.000976562 -0.0304573 0.7113 0.385414 0.0923132 -0.811842 0.167567 
0.000976562 -0.0159216 0.452059 0.240866 -0.262031 -0.504304 0.387397 
0.000976562 -0.000913078 0.264501 -0.555564 -0.133607 0.306837 -0.196334 
0.000976562 0.491876 -0.391694 1.05549 -0.293731 -0.330774 -0.0369065 
0.000976562 0.859525 -0.107511 0.319144 0.0117063 -0.30803 0.640861 
0.000976562 -0.847987 0.975364 -0.300306 -0.321481 -0.292825 -0.540174 
0.000976562 -0.335684 0.422913 0.0834475 0.76112 -0.136376 0.183988 
0.000976562 -0.558762 -1.00692 0.359589 -0.578985 0.0981952 -0.742143 
0.000976562 -0.0624476 0.190657 -0.428423 -0.394662 1.16569 -0.487942 
0.000976562 1.91401 0.196312 -0.0995384 -0.21202 -0.623123 -0.37934 
0.000976562 -0.424995 -0.00744004 -0.161963 0.403114 0.538309 -0.250676 
0.000976562 2.21602 0.761455 0.971061 0.223053 0.368351 0.296656 
0.000976562 -0.0347596 0.503781 -0.599636 -0.159075 0.356895 0.263306 
0.000976562 -0.00371622 0.575412 -0.143627 -0.514573 0.58391 -0.243616 
0.000976562 -0.440069 -0.218598 -1.16707 0.199593 0.372054 0.509773 
0.000976562 0.902227 0.324204 0.794693 -0.337166 0.629093 -0.0595889 
0.000976562 -0.233696 -0.700901 -0.0408139 0.877281 0.00516553 0.102143 
0.000976562 1.71025 -0.533694 -0.666896 -0.149834 0.150405 0.153146 
0.000976562 0.140094 0.124499 -0.0477032 -0.37035 0.031873 0.114385 
0.000976562 -0.686165 0.456267 0.679396 -0.177483 -0.0809862 0.230077 
0.000976562 0.724785 0.0898345 0.013178 -0.221438 0.13513 0.500187 
0.000976562 -0.501679 0.269049 0.489949 0.100246 -0.101678 0.0489757 
0.000976562 -0.172191 0.00707972 0.317567 0.659271 -0.877904 -0.125411 
0.000976562 -0.0998867 -0.0234313 0.101628 -0.387566 0.0699572 0.655728 
0.000976562 -0.575337 0.997156 -0.202378 -0.0330963 0.241469 0.236384 
0.000976562 0.753656 -1.05553 0.547649 0.224117 -0.423331 -0.428115 
0.000976562 -0.082318 0.0300537 0.204278 -0.155857 -0.741797 0.316377 
0.000976562 0.12971 0.0870698 -0.0734782 -0.351918 -0.360194 -0.789785 
0.000976562 0.708552 -1.0244 0.951052 0.172783 -0.167385 -0.379708 
0.000976562 0.398013 -0.426802 0.222959 0.478883 -0.555403 -0.0563127 
0.000976562 0.372145 -0.0381712 -0.00379324 0.470522 0.00514937 -0.290144 
0.000976562 -0.705809 -0.673591 1.09172 0.165777 0.210798 0.0526105 
0.000976562 0.0414664 0.0128931 -0.0453653 1.10704 -0.138314 0.296198 
0.000976562 0.146077 -0.183147 -0.135733 -0.72186 0.205645 -0.270224 
0.000976562 0.267161 0.56575 -0.0976123 0.643943 0.47347 0.69036 
0.000976562 -1.6239 3.9636 -2.68715 0.200715 0.0193433 0.166205 
0.000976562 0.0811563 -0.491153 0.676656 0.59694 -0.245724 0.00908758 
0.000976562 -0.0635926 0.153322 -0.195475 -0.0253071 0.545303 0.0128951 
0.000976562 -0.0393773 -0.358513 -0.129254 0.522418 0.27296 0.941596 
0.000976562 0.185292 0.463144 0.518298 -0.503646 0.335546 -0.0655914 
0.000976562 -0.0918116 -0.976101 0.180207 0.0463584 0.34558 -0.384922 
0.000976562 0.193942 0.00683605 -0.343828 0.0506142 -0.11197 -0.256796 
0.000976562 0.475611 -0.455689 0.607673 -0.408789 0.499258 -0.22617 
0.000976562 -0.469171 0.0112143 0.484165 0.250212 -0.350758 -0.131335 
0.000976562 1.6146 -2.88051 5.11484 0.102689 -0.123323 0.179186 
0.000976562 0.20179 -0.710316 0.499837 0.00299103 -0.222057 -0.221677 
0.000976562 0.454173 -0.122051 -0.455847 -0.179749 0.144347 -0.555288 
0.000976562 0.428765 0.0661565 0.285045 0.0957193 0.366189 0.237999 
0.000976562 0.254545 -0.307438 2.12162 -0.412054 0.164938 0.534388 
0.000976562 -0.111195 0.155997 -0.270545 -0.453511 -0.210873 -0.408165 
0.000976562 -0.886633 0.0692499 0.139957 -0.296209 -0.017946 -0.0754016 
0.000976562 0.324178 -0.673494 0.392019 0.233516 0.464132 -0.777089 
0.000976562 -0.272864 0.649067 0.18219 -0.0250172 -0.0778135 -0.0902072 
0.000976562 -0.0132222 -0.0220549 -0.137453 0.616549 -0.00227354 0.325845 
0.000976562 -0.189758 -0.363143 0.350651 0.45808 0.143317 -0.146105 
0.000976562 0.320972 0.416809 -0.387321 0.236572 0.114107 0.594103 
0.000976562 1.10855 0.0772436 -1.93628 0.15488 -0.376485 -0.0203559 
0.000976562 1.15649 0.627617 0.459724 -0.676501 0.27739 0.201869 
0.000976562 0.288015 0.304007 0.109104 0.423167 -0.0408935 0.320408 
0.000976562 -0.401973 1.55094 -1.53862 0.35724 -0.267413 -0.409975 
0.000976562 -0.0612015 -0.0907481 0.383724 0.717082 -0.25195 0.403655 
0.000976562 -0.311688 -0.140979 -0.0635065 0.447025 0.317807 -0.862213 
0.000976562 0.216627 -0.692747 -1.21679 0.269531 0.219491 -0.704146 
0.000976562 0.476318 0.0752154 0.140237 -0.177096 -0.234051 -0.117324 
0.000976562 1.41974 0.0129321 0.165798 -0.429259 -0.0582638 0.560824 
0.000976562 0.751363 0.425722 0.0101661 -0.186813 -0.112798 0.299635 
0.000976562 -0.133785 0.477783 0.601018 0.594526 -0.194916 -0.639718 
0.000976562 -0.250377 0.412152 -0.425101 0.369627 0.0585732 -0.419835 
0.000976562 0.0287437 -0.0521114 -0.897553 -0.347935 0.104599 -0.265279 
0.000976562 -0.682715 0.0839458 0.19967 0.213143 -0.258522 0.344817 
0.000976562 -0.1083 0.557781 0.354708 -0.16458 0.0419923 -0.424265 
0.000976562 1.02896 0.998106 0.170141 0.503478 -0.293699 -0.311739 
0.000976562 0.269975 -0.29844 -0.0405948 0.0783075 -0.0438633 0.0529554 
0.000976562 0.826622 0.209741 0.113572 1.06059 -0.325145 0.0453226 
0.000976562 0.340345 1.94438 0.155301 0.0937874 0.440888 -0.0891671 
0.000976562 -0.536159 -0.159272 1.01936 0.308613 0.440483 0.331703 
0.000976562 -0.1966 -0.0556852 0.364397 -0.580315 0.497291 -0.513657 
0.000976562 -0.239614 -0.0726044 0.302922 -0.338787 0.274768 0.536536 
0.000976562 -0.1835 0.0309548 -0.257563 -0.390265 0.295067 0.29754 
0.000976562 0.0405909 0.986724 -0.0353089 -0.0651378 -0.663757 0.0749237 
0.000976562 0.98246 0.133606 0.356215 -0.389789 -0.212236 0.384114 
0.000976562 0.83438 0.1264 -1.61687 -0.119331 -0.524497 -0.0593676 
0.000976562 0.201061 0.468751 -0.221068 -0.0385621 0.729093 -0.10916 
0.000976562 -1.566 -1.79368 0.197915 0.0818477 0.0511556 0.53503 
0.000976562 0.889085 -0.103619 -0.150316 0.196271 0.320749 0.0545519 
0.000976562 -3.34995 -0.973534 -0.99244 -0.0828003 0.196946 -0.016485 
0.000976562 -0.115342 3.36106 1.85261 -0.172718 -0.0171126 -0.0563709 
0.000976562 -1.88369 0.111967 -2.1649 -0.100742 0.25564 0.0229804 
0.000976562 -0.125863 0.268949 0.56644 -0.445591 0.819063 0.244762 
0.000976562 -0.245319 0.805639 -0.0783061 0.773293 -0.660024 -0.136069 
0.000976562 0.0966564 0.872174 0.877103 -0.447787 -0.100895 -0.764926 
0.000976562 0.28983 -0.633463 -0.475914 0.321482 -0.0681913 -0.706066 
0.000976562 -0.429662 -0.349409 0.778412 -0.127874 -0.594024 0.185666 
0.000976562 -1.08687 -1.06153 1.54203 0.0774109 -0.37934 0.247525 
0.000976562 1.07549 0.604626 0.0404451 0.0395042 0.199776 -0.621872 
0.000976562 -1.09389 -0.481731 0.0600017 -0.225306 0.0660145 -0.438765 
0.000976562 -0.325012 -0.385934 -0.505068 -0.260936 -0.396358 -0.429921 
0.000976562 -0.754157 -0.108126 -0.750269 -0.169916 -0.0955403 0.534134 
0.000976562 0.877674 -0.951239 -0.931144 -0.324113 0.203296 -0.230163 
0.000976562 0.309233 0.126183 1.14802 -0.128404 -0.0517344 -0.0545127 
0.000976562 0.767514 -0.514068 -0.471615 -0.598053 0.150999 -0.00455421 
0.000976562 -2.87566 -1.05775 -0.546005 -0.151585 0.066105 -0.0786612 
0.000976562 0.0429923 -0.791416 -1.06468 0.178476 0.14131 0.121846 
0.000976562 0.0957104 0.181255 -0.0293692 0.463932 -0.405719 -0.754331 
0.000976562 0.549983 1.25905 -0.522341 0.506742 -0.230529 -0.600686 
0.000976562 1.68634 -1.58996 4.12002 -0.0397531 0.0878938 0.184179 
0.000976562 0.119667 -0.384225 0.0573645 -0.183787 0.458414 0.0348661 
0.000976562 -0.644912 1.2201 -0.468504 0.047338 0.344645 0.426215 
0.000976562 -0.513961 0.412336 -0.197196 0.626834 -0.681126 0.615294 
0.000976562 0.0687901 0.588422 0.2594 0.155295 0.0384579 0.713083 
0.000976562 0.143255 0.00121289 -0.523203 0.391553 -0.137187 -0.883251 
0.000976562 0.115833 0.0491502 0.363934 -0.0237729 -0.0270563 0.199136 
0.000976562 -0.2379 -0.219338 0.187832 0.747309 0.240453 0.494038 
0.000976562 1.39783 0.675345 0.314815 0.2913 -0.578274 -0.038824 
0.000976562 -0.0624178 0.693688 0.0992667 0.469779 -0.0611298 0.785202 
0.000976562 -0.444373 2.10705 -0.694824 0.0471059 0.088407 0.361402 
0.000976562 -1.57315 -1.00075 -0.0663192 0.47739 0.11239 0.23344 
0.000976562 -0.463996 -0.383356 0.358421 -0.457797 -0.136713 0.406308 
0.000976562 0.16552 0.106585 -0.0168834 -0.113161 -0.463409 0.330822 
0.000976562 0.542401 0.434709 -0.798292 -0.617628 -0.526868 0.418891 
0.000976562 -0.078852 -0.0435256 0.311359 0.667918 0.0253684 0.0933476 
0.000976562 0.126612 0.370518 0.350664 -0.5113 -0.515295 -0.186312 
0.000976562 1.12274 -0.0351382 -1.80144 -0.116498 0.229839 -0.0484304 
0.000976562 -0.64827 0.0629432 -0.25426 -0.516429 -0.304271 -0.766847 
0.000976562 -0.41759 0.0165273 0.0279713 0.929827 0.0297504 0.43418 
0.000976562 -0.00861654 -0.410826 0.487955 -0.305259 0.152148 -0.44139 
0.000976562 -0.42845 -0.289588 0.30769 0.624117 0.25233 -0.408106 
0.000976562 4.52591 -1.30899 0.181064 0.12482 0.0640269 -0.493036 
0.000976562 0.448117 0.918084 0.949804 0.531339 -0.791986 0.17776 
0.000976562 0.113663 -0.0831566 0.619885 0.255096 0.256804 -0.0861151 
0.000976562 -0.0949916 0.23237 -0.106722 0.387765 -0.61935 -0.0892664 
0.000976562 0.173447 0.442803 0.0756953 0.311007 -0.0172304 0.409997 
0.000976562 -0.4741 -0.800588 -0.568841 -0.513365 -0.0821431 -0.425509 
0.000976562 -0.285042 -0.431768 -0.271707 0.281658 0.116236 -0.370328 
0.000976562 -0.0310869 0.170234 0.333339 0.700292 0.834402 0.712201 
0.000976562 -2.03739 -0.493199 -1.96179 -0.444382 0.196903 0.124128 
0.000976562 0.263546 0.0623136 0.190142 -0.521292 -0.263577 -0.195256 
0.000976562 0.245581 0.133021 -0.114214 -0.203224 -0.123602 0.038379 
0.000976562 0.902911 0.57536 -1.9472 -0.223693 -0.193935 -0.552187 
0.000976562 2.30549 0.709381 0.697005 0.291251 0.075996 0.0685622 
0.000976562 0.0171324 0.473582 -0.705532 0.409741 0.114446 0.302809 
0.000976562 0.343975 0.0516575 0.155283 0.0181666 -0.331795 -0.0161464 
0.000976562 -1.44628 0.0352375 0.0562007 0.00207105 0.14609 -0.366883 
0.000976562 0.370964 0.333332 -0.47086 0.129579 0.702231 0.719876 
0.000976562 0.119108 0.0405935 -0.137365 -0.305225 0.533542 -0.0108689 
0.000976562 -0.651856 -0.302712 -0.638372 0.304865 -0.588053 0.161485 
0.000976562 0.344637 -0.157467 -0.471229 0.295471 0.687361 0.075907 
0.000976562 -0.336388 -0.0316239 0.0579894 -0.447187 0.267688 -0.0467873 
0.000976562 -7.82941 0.027539 -11.7615 -0.188212 -0.126397 0.0799389 
0.000976562 9.36314 -10.0094 -16.8369 -0.203611 -0.160918 0.0630848 
0.000976562 0.568609 -0.74972 -2.40325 -0.0481935 0.258944 0.083631 
0.000976562 -0.143874 0.0228789 0.758277 0.00287448 0.163432 0.471576 
0.000976562 -0.36101 0.199859 -0.121689 0.300608 -0.232406 0.00941283 
0.000976562 0.528343 -0.28155 0.317188 0.451208 0.258175 0.209328 
0.000976562 -0.616032 -0.262158 -0.308897 -0.311465 0.420987 0.13843 
0.000976562 0.182788 -0.0536182 0.407761 0.243194 -0.280591 0.679464 
0.000976562 3.41894 -0.701851 -0.597221 -0.109532 0.252347 -0.110787 
0.000976562 0.382179 -1.38645 0.324339 0.308278 0.110981 -0.0229125 
0.000976562 3.47479 -0.582036 -1.52376 0.0775761 -0.113815 -0.000170864 
0.000976562 -1.80123 1.9076 0.221931 -0.088662 -0.233551 0.144093 
0.000976562 0.60872 0.671641 0.634103 0.212069 -0.145426 0.074953 
0.000976562 0.901312 0.35783 0.380014 0.13967 0.187475 -0.523767 
0.000976562 0.325102 0.00832151 -0.347661 0.205738 0.0737881 0.802458 
0.000976562 -0.548804 0.424816 -0.0631054 0.0810694 0.534732 -0.0396715 
0.000976562 -0.309979 0.600818 -0.374042 0.0486772 -0.200436 -0.247553 
0.000976562 -0.793896 0.901285 0.410335 0.360434 -0.607347 0.170507 
0.000976562 0.362127 0.0871163 0.5437 0.0359487 1.11091 0.313289 
0.000976562 1.38116 -1.6423 -0.854485 -0.0656894 0.189753 -0.00111001 
0.000976562 0.371336 -0.167595 0.679251 0.243076 -0.0657156 -0.0364556 
0.000976562 0.106972 -0.467309 -0.0914291 0.145477 -1.09425 -0.262615 
0.000976562 0.0772702 -0.377748 -0.27099 -0.146898 -0.433039 -1.15209 
0.000976562 -0.218944 0.756569 1.76839 0.526978 0.0893789 0.0642017 
0.000976562 0.634924 -0.287592 0.412573 0.309628 0.0355657 -0.587597 
0.000976562 0.183773 0.515879 0.0187666 0.534048 -0.289816 0.581185 
0.000976562 1.83542 0.52965 -1.67697 -0.0517017 -0.559614 -0.125915 
0.000976562 -0.232424 0.446905 0.332974 -0.689824 0.454826 0.186475 
0.000976562 1.25829 -0.0826257 -0.372559 -0.175429 0.199924 -0.855318 
0.000976562 1.18549 -0.280748 -0.794789 0.135267 0.441383 -0.2169 
0.000976562 3.6127 -0.156786 0.776771 -0.136873 0.387705 0.146149 
0.000976562 0.0967637 0.933677 -0.749463 0.601157 -0.638137 0.390622 
0.000976562 1.03412 0.0956793 -0.0971781 0.565115 0.218005 -0.208808 
0.000976562 0.767733 1.08942 -0.0186892 0.324064 0.0865494 -0.226761 
0.000976562 0.127283 0.0150686 -0.165307 0.703696 -0.233491 0.489158 
0.000976562 0.632922 0.577489 -0.553017 0.0571431 0.802785 -0.186849 
0.000976562 -0.0523649 -0.757174 -0.508228 0.720294 0.670329 0.0870503 
0.000976562 0.0278713 -0.102734 0.117045 0.346542 0.301487 -0.691794 
0.000976562 -0.71617 0.193353 0.0909383 0.410267 0.385986 0.566045 
0.000976562 1.01459 0.0802709 0.596323 0.0354201 -0.252754 -0.462317 
0.000976562 -0.611985 0.325525 0.32254 -0.50665 0.397537 -0.534314 
0.000976562 0.158502 0.539382 0.296063 -0.164827 -0.0451041 -0.10744 
0.000976562 0.313752 0.0818766 0.103146 -0.826211 1.23308 -0.374213 
0.000976562 -0.0266221 0.181113 -0.363935 -0.0890866 -0.0350338 0.751423 
0.000976562 -0.211545 -0.160175 -0.409999 -0.778805 0.322253 -0.285612 
0.000976562 0.727291 1.24774 0.601442 0.134526 0.768208 -0.25325 
0.000976562 -0.0664164 0.696131 0.379638 -0.0791246 0.442196 -0.101653 
0.000976562 0.267632 -0.485881 0.115192 0.411424 -0.305348 -0.42663 
0.000976562 -0.208789 -0.192708 -0.0985613 -0.738746 -0.598705 -0.772685 
0.000976562 -0.852975 -0.929672 -0.255118 -0.452474 0.365133 0.391977 
0.000976562 0.739497 1.0288 0.432292 -0.597448 -0.114796 -0.152644 
0.000976562 0.638951 0.652906 0.333066 0.509291 0.240423 0.191825 
0.000976562 -0.07998 -0.369135 -0.279383 -0.463687 -0.344649 0.715135 
0.000976562 1.55449 1.61134 0.904791 0.143618 -0.0734357 -0.12153 
0.000976562 -0.556508 -0.0528679 0.45623 0.295248 -0.411348 0.0489476 
0.000976562 0.449867 0.0363648 0.0424631 -0.655017 0.106987 -0.637541 
0.000976562 -2.88389 1.54913 -0.0633207 0.0963639 0.304723 0.27875 
0.000976562 0.431039 0.399152 0.0379497 0.262748 0.739242 0.527643 
0.000976562 0.744328 0.187977 0.139596 -0.0392865 -0.159896 -0.295403 
0.000976562 -0.651814 1.05159 0.583789 0.265514 -0.446192 -0.541207 
0.000976562 0.355413 0.117754 0.0170167 0.198704 0.608076 -0.327568 
0.000976562 0.0292816 -0.334796 -0.282441 -0.0987932 0.0764719 -0.499571 
0.000976562 0.825736 -0.957322 0.339943 -0.153326 -0.340371 -0.120507 
0.000976562 -0.923243 0.69648 -0.439877 -0.332239 0.514911 0.496042 
0.000976562 0.465041 2.33124 -0.024266 0.0714833 -0.0584135 -0.325512 
0.000976562 -0.0975705 -0.0651343 0.0469553 0.421911 -0.75455 -0.249055 
0.000976562 0.801054 0.528923 -0.295639 -0.0540475 -0.0360691 0.0476743 
0.000976562 0.437793 0.317352 0.683189 -0.590993 -0.286422 0.33699 
0.000976562 -0.449941 0.337995 1.28238 -0.180022 0.478563 0.19395 
0.000976562 -0.919217 -1.04579 0.267769 -0.0799037 0.527328 -0.228436 
0.000976562 0.020237 -0.966812 1.13798 -0.496156 -0.440137 -0.293093 
0.000976562 0.294124 -0.320018 -0.408476 -0.053733 -0.476787 0.1178 
0.000976562 2.31354 -0.0519923 -0.996643 0.177766 -0.582797 0.236958 
0.000976562 -0.449393 0.188243 0.04184 -0.155847 -0.34149 -0.149727 
0.000976562 -0.331275 -0.755552 0.131603 -0.14079 0.198846 0.271994 
0.000976562 0.192344 -0.144459 1.05748 0.15185 -0.0656774 0.48566 
0.000976562 0.733927 1.5127 0.369005 -0.138949 0.350967 -0.153994 
0.000976562 0.412244 -0.333539 0.423352 0.4515 -0.298844 0.229484 
0.000976562 -0.192391 0.0694943 -1.58574 0.124827 0.465559 0.203931 
0.000976562 0.602517 0.255405 0.451234 -0.394599 0.463541 -0.133944 
0.000976562 0.175566 0.56113 0.272961 0.181043 0.0585595 0.576959 
0.000976562 0.226532 -0.195156 0.223897 -0.265961 0.798996 -0.30936 
0.000976562 0.0385128 0.139052 -0.894473 0.53623 -0.259427 -0.026172 
0.000976562 0.120621 -0.293185 0.0624795 -0.66133 -0.344284 0.251636 
0.000976562 0.135678 0.164294 0.225797 -1.28025 -0.0514873 0.669576 
0.000976562 0.246642 0.670597 -0.432442 0.72561 0.0459769 -0.24521 
0.000976562 -0.227406 0.123281 0.385735 0.36683 -0.164967 -0.104794 
0.000976562 -1.474 0.155471 -0.555964 0.727098 -0.0490839 0.48174 
0.000976562 0.371205 -0.201368 0.382866 0.509702 -0.618326 0.396312 
0.000976562 0.52699 0.179649 0.0327419 0.473494 0.0352229 0.293379 
0.000976562 -0.180404 0.0307593 -0.154215 -0.706823 -0.525088 0.272855 
0.000976562 0.895474 0.129316 1.21792 0.515113 -0.0298893 0.264827 
0.000976562 -0.219982 0.384557 0.0507852 0.221074 -0.984991 0.353497 
0.000976562 0.12045 0.175149 -0.423862 0.299614 -0.225706 0.505799 
0.000976562 0.304076 -0.58796 -0.15344 0.841161 -0.0424 -0.293724 
0.000976562 0.483633 -0.226895 0.116335 -0.781516 -0.0354326 -0.404019 
0.000976562 -0.235617 -2.19129 3.79261 -0.237374 -0.150641 -0.250923 
0.000976562 0.390364 1.33202 -0.705041 -0.165522 0.226316 -0.168303 
0.000976562 0.381546 -1.63579 -0.791339 -0.00479835 -0.18235 -0.305663 
0.000976562 -0.600433 -0.0682271 1.29611 -0.483192 0.270024 -0.144404 
0.000976562 -0.378967 -0.340067 0.125717 0.171426 0.0442246 -0.534637 
0.000976562 0.389473 -0.826741 1.04736 -0.0196683 -0.358513 0.365575 
0.000976562 -0.348579 0.232343 0.409172 0.356467 -0.23564 0.0316755 
0.000976562 -0.669728 -0.22132 -0.297181 -0.514032 0.254234 0.452391 
0.000976562 -0.153902 -0.757128 0.0090746 0.148373 -0.237078 0.397788 
0.000976562 -3.4676 -2.48899 -4.34809 -0.279457 0.207419 -0.102107 
0.000976562 -0.788792 -0.489837 -0.187076 0.319958 -0.115869 -0.366799 
0.000976562 1.64876 0.775239 0.727283 0.251113 -0.126708 -0.332616 
0.000976562 -0.46607 0.182486 -0.000143866 0.378255 -0.996067 0.307715 
0.000976562 0.0939317 1.0506 -0.0605578 0.596458 0.442413 -0.0336821 
0.000976562 0.604674 0.119722 -0.449592 -0.57632 0.149852 0.18025 
0.000976562 -2.25843 1.30903 -0.542202 0.417178 -0.00274492 -0.177309 
0.000976562 -0.401069 -0.589677 0.545059 0.458204 -0.0474757 0.0146157 
0.000976562 0.426267 -1.37074 -0.117274 0.8912 0.140451 0.255148 
0.000976562 -0.03306 0.569972 1.44198 -0.13916 0.251828 -0.0785573 
0.000976562 -0.395384 -0.641913 -1.23439 0.0361589 0.369877 0.504356 
0.000976562 0.305627 0.325611 0.993557 0.281589 -0.111293 -0.0448989 
0.000976562 2.14005 0.703944 0.696064 0.319495 -0.0100732 0.174448 
0.000976562 0.212291 -0.143501 0.0527277 -0.292075 0.373577 0.96743 
0.000976562 -0.548197 -0.210471 -1.03032 -0.413065 0.30122 -0.497 
0.000976562 -0.0210929 0.648111 0.225197 -0.0910294 0.0123602 -0.417595 
0.000976562 -0.0435687 0.35914 -0.203631 -0.0125189 -0.0339827 -0.792519 
0.000976562 0.113594 0.292957 -0.216155 0.94743 -0.186506 -0.436302 
0.000976562 -0.143229 0.156365 0.606388 0.294143 0.0123732 0.226199 
0.000976562 -0.116989 1.80048 -1.05051 0.127414 -0.0805539 -0.593578 
0.000976562 -0.190125 0.680714 -0.137435 -0.124443 -0.281466 0.535425 
0.000976562 0.254138 1.16536 -1.28218 -0.151803 0.161424 -0.193523 
0.000976562 -0.271973 0.273502 -0.249548 -0.0202098 -0.338254 -0.189617 
0.000976562 0.575839 -0.183878 -0.980356 0.282717 0.363459 0.423147 
0.000976562 -0.525001 0.295881 0.152763 0.396137 -0.47715 -0.341704 
0.000976562 -0.0696915 -2.99301 1.14885 0.0411138 -0.326308 -0.397488 
0.000976562 -0.0781484 1.32301 1.29989 -0.641048 -0.0584866 -0.110353 
0.000976562 -0.276202 -0.536044 -0.311478 -0.139561 0.253993 0.452811 
0.000976562 0.223362 1.10385 -0.0784136 -0.682227 -0.442462 0.35475 
0.000976562 0.160667 -0.0024231 -0.139319 -0.570744 0.62978 0.840057 
0.000976562 0.0581036 0.195248 -0.312084 -0.433963 -0.679276 -0.657552 
0.000976562 -0.702825 -0.121384 3.45682 0.303972 0.148999 0.362559 
0.000976562 1.11953 -0.488821 -0.160171 0.267168 -0.0555044 0.148263 
0.000976562 0.177489 0.0642152 0.225319 -0.777615 0.551579 0.784499 
0.000976562 -0.274925 -0.074226 -0.509427 -0.529511 -0.541456 0.481956 
0.000976562 0.732651 0.407359 -0.916601 0.052721 0.168321 -0.317063 
0.000976562 0.172018 -0.579995 -0.227941 -0.273406 0.816153 -0.194213 
0.000976562 0.264886 -0.358161 -0.512091 0.218584 -0.397415 -0.357245 
0.000976562 0.197841 -0.459607 0.0100005 -0.0975787 0.21539 0.296021 
0.000976562 -0.536369 -0.741565 -0.431112 -0.404014 0.57803 0.40545 
0.000976562 -0.372833 0.387779 0.0616194 -0.515783 0.881915 -0.0908075 
0.000976562 -14.0827 3.77939 2.81645 -0.183747 0.0589024 0.0125463 
0.000976562 0.331099 2.17603 -0.994181 0.304881 -0.253877 -0.0673021 
0.000976562 0.52473 0.144011 -0.0702732 -0.361566 -0.180335 -0.233628 
0.000976562 0.338815 0.293065 -0.294685 -0.293491 0.0705262 -0.132373 
0.000976562 -1.14964 1.76049 -2.38089 -0.256744 0.222585 0.344875 
0.000976562 -0.50421 0.718619 0.203144 0.439859 -0.305877 -0.176008 
0.000976562 -0.161142 0.218006 -0.0215379 0.323853 -0.813557 0.523509 
0.000976562 -0.177727 -0.89699 -0.526561 0.0427627 0.0900841 0.229297 
0.000976562 0.177626 -1.31035 1.29428 0.377896 -0.101812 0.20356 
0.000976562 -0.221057 -0.288921 -0.120136 0.476065 -0.461574 0.120976 
0.000976562 -0.617845 0.472294 -0.903007 -0.54517 0.0253995 -0.454834 
0.000976562 -0.154386 0.536977 -0.542428 -0.114557 -0.134555 0.518042 
0.000976562 -0.0553353 0.221455 0.119618 0.194009 -0.705616 0.24887 
0.000976562 -0.101838 0.0658933 1.04881 -0.122307 0.122269 -0.0360521 
0.000976562 0.168285 -0.0847758 1.54359 0.0270049 -0.0902099 0.0961323 
0.000976562 -0.320473 -0.232693 -0.365079 -0.372122 -0.979839 -0.14258 
0.000976562 -0.27931 -0.737107 -0.965342 -0.18486 -0.055853 -0.472745 
0.000976562 -1.67908 3.29973 0.687887 0.091391 -0.0754518 0.121863 
0.000976562 -0.191297 -0.00319279 -1.20849 -0.123948 -0.246146 0.0242036 
0.000976562 -0.170271 -0.2498 -0.0545611 0.235927 0.497242 0.397052 
0.000976562 0.00490205 0.105855 -0.128083 -0.35133 -0.122357 0.125548 
0.000976562 0.150827 0.427476 0.0800892 -0.121967 -0.613756 0.384604 
0.000976562 -0.901109 0.18918 -0.401129 0.125671 0.443305 0.340691 
0.000976562 -0.501939 -0.134955 -0.133978 0.116741 0.00880964 -0.147675 
0.000976562 -0.721643 0.308479 0.384215 -0.138413 -0.104343 0.134049 
0.000976562 -0.409472 -0.919357 -1.40308 0.40493 0.233096 -0.105787 
0.000976562 -0.44569 0.353968 -0.284058 -0.155071 0.0615422 0.0551813 
0.000976562 0.554493 0.217784 0.449594 -0.184983 -0.590405 0.135735 
0.000976562 -0.166693 0.237422 0.190152 0.623836 0.177479 0.186596 
0.000976562 0.49099 0.323234 0.647273 -0.510831 0.5497 0.232487 
0.000976562 -0.363064 -0.275595 0.491035 0.58344 -0.107463 -0.106627 
0.000976562 -0.616588 -0.284087 -0.90401 -0.0983522 -0.524271 0.526119 
0.000976562 0.150268 0.129034 -0.256722 0.749421 -0.950436 0.201405 
0.000976562 0.24196 0.104283 -0.129894 -0.196003 0.177552 0.129151 
0.000976562 0.849387 -0.115966 0.611529 -0.443157 -0.0869489 0.0497428 
0.000976562 1.87079 -0.385896 0.0996403 -0.573404 -0.104714 -0.124242 
0.000976562 0.296124 -0.613938 -0.0025938 0.529117 0.506884 -0.527412 
0.000976562 0.108648 0.0610777 -0.403601 -0.382471 0.256714 0.47359 
0.000976562 0.298961 0.153395 -0.1926 -0.385211 -0.385609 0.106989 
0.000976562 0.29361 -0.304299 -0.79538 -0.475809 -0.503089 -0.0637716 
0.000976562 -0.169368 -0.135089 -0.138533 -0.105126 -0.54861 -0.0748989 
0.000976562 0.107352 -0.0225215 0.255586 0.078803 0.184412 0.645939 
0.000976562 1.45898 0.280403 1.18976 -0.0219173 0.543773 -0.184462 
0.000976562 2.47268 -0.111596 0.276174 -0.487966 -0.279241 0.0620926 
0.000976562 -0.226486 0.381915 1.12115 0.222805 0.454378 -0.20369 
0.000976562 -1.02597 -0.0200741 0.240017 -0.727211 -0.338447 0.570322 
0.000976562 0.107699 0.752866 -0.19448 -0.577018 -0.653457 0.0917714 
0.000976562 -0.250625 -0.442645 0.554426 0.113035 -0.237633 -0.643003 
0.000976562 0.703013 -0.934986 0.753786 0.0697997 -0.295093 -0.707669 
0.000976562 -0.00679305 0.0777409 0.129422 -0.746561 1.19535 0.131034 
0.000976562 0.523771 -0.651408 -0.648111 0.0414839 -0.127703 0.0599227 
0.000976562 0.732031 0.00439094 -0.111492 0.111948 0.823206 0.724853 
0.000976562 0.017522 -0.0786345 -0.017044 0.450683 0.666603 -0.09051 
0.000976562 -0.546194 -0.665557 -0.413592 -0.192854 0.25008 0.90679 
0.000976562 0.51744 -0.43799 0.353086 0.520229 -0.792997 -0.0907325 
0.000976562 0.432931 0.348631 -0.134251 0.0520947 0.14218 0.224471 
0.000976562 7.16904 2.09956 3.28414 -0.055708 0.151893 -0.307004 
0.000976562 0.06713 0.117904 -0.0420628 0.00908794 -0.995663 -0.0173003 
0.000976562 -0.487777 0.666386 -0.281426 0.3121 0.242802 0.54727 
0.000976562 -0.853168 -0.661563 0.633391 -0.507276 0.104314 -0.113208 
0.000976562 -0.305345 0.557333 -0.410117 0.510602 -0.607074 0.399599 
0.000976562 -0.84582 -0.360666 -0.884419 0.57703 0.331978 0.226817 
0.000976562 -0.169469 -0.716325 0.362809 0.12027 0.352457 -0.0599466 
0.000976562 -0.511348 -0.16194 -0.347156 -0.67006 0.420285 0.0954883 
0.000976562 -0.256511 -0.141227 0.345756 0.492232 0.858356 -0.221961 
0.000976562 0.0559493 0.176071 0.118203 0.0240013 -0.0815261 0.454062 
0.000976562 0.595316 0.304425 -1.61916 -0.631595 -0.220688 -0.0815294 
0.000976562 -0.179796 0.0616856 0.521218 0.0897197 0.0929126 0.124909 
0.000976562 -0.758738 0.0244801 0.34423 -0.847362 0.255054 0.433583 
0.000976562 0.519976 0.457713 0.372627 0.0427458 -0.464993 -0.283303 
0.000976562 -0.0592966 -0.0783224 0.0540162 -0.203245 0.368904 -0.827084 
0.000976562 1.67904 -1.34997 0.571225 -0.0696769 -0.168842 0.336032 
0.000976562 0.0402788 -0.484816 0.165865 0.0556875 -0.0206437 0.424348 
0.000976562 -0.621283 0.0615844 0.88255 0.415818 -0.533929 -0.499303 
0.000976562 0.371479 -0.111125 0.509877 -0.36233 -0.35367 -0.552897 
0.000976562 -0.530692 -0.271413 0.144191 -0.779378 0.0715875 -0.555328 
0.000976562 0.857746 -1.09 -1.1995 0.414028 -0.145345 0.220313 
0.000976562 0.125882 0.575998 -0.110133 0.0340483 0.507271 -0.57923 
0.000976562 -0.330174 -0.398621 -0.276761 -0.399725 -0.487404 0.323634 
0.000976562 0.545986 0.497633 0.104512 0.0657548 -0.00989237 0.390349 
0.000976562 -1.39421 -0.966177 0.283266 -0.148667 -0.130633 0.246515 
0.000976562 0.330938 0.266027 -0.490142 0.532204 0.48852 0.123638 
0.000976562 0.663969 -0.610936 -1.05709 0.0434506 0.0970612 -0.149973 
0.000976562 0.424635 -0.486599 -0.541655 0.320211 0.684019 0.33256 
0.000976562 -0.244755 -0.234306 0.110186 -0.22822 -0.377854 -0.0174628 
0.000976562 0.21371 0.941125 -0.472388 -0.405644 -0.318924 0.47647 
0.000976562 -3.80863 -0.608672 1.19906 0.22406 -0.246524 -0.180621 
0.000976562 0.480907 -0.0356658 -0.398347 -0.756362 0.135286 -0.327543 
0.000976562 0.319926 0.147218 0.0782886 0.963592 0.523524 -0.315904 
0.000976562 0.24446 -1.1412 -0.0583534 0.183329 -0.216244 0.0477503 
0.000976562 -0.368749 0.388615 -0.465516 -0.212816 -0.678782 0.764705 
0.000976562 0.133098 0.380594 -0.27995 0.510514 -0.390663 -0.601673 
0.000976562 -0.537865 -0.0371569 0.00932646 -0.0664604 0.322325 0.17592 
0.000976562 0.566638 0.0533998 0.227014 0.74686 0.55145 -0.11328 
0.000976562 0.129681 -0.309373 0.00691519 -0.069202 -0.316536 -0.432504 
0.000976562 -0.226939 0.119514 0.180472 0.917921 -0.0394636 0.402374 
0.000976562 -0.259034 0.505351 -0.156922 -0.215028 0.454385 0.138045 
0.000976562 0.541767 1.64684 0.105617 -0.379238 -0.315047 0.0502379 
0.000976562 -0.332518 1.05761 -1.00562 -0.151521 -0.261861 -0.0397786 
0.000976562 -0.0472809 0.0372347 -0.295321 0.0880089 -0.622597 0.344532 
0.000976562 0.074921 -0.484408 0.0934728 0.48551 -0.415414 0.663968 
0.000976562 -0.189924 -1.52047 -0.755765 0.184536 0.0787011 -0.158995 
0.000976562 -0.571645 0.0963683 -0.536795 0.21498 -0.342279 0.387117 
0.000976562 0.97954 0.702485 0.367451 0.610178 0.267102 -0.390829 
0.000976562 0.447634 0.746841 1.39766 -0.066892 0.0623041 -0.486929 
0.000976562 -0.477117 0.298628 -0.501138 -0.00317572 0.0442477 -0.0749334 
0.000976562 2.01476 -2.8343 0.750485 0.084532 0.0958407 -0.148446 
0.000976562 -0.131261 0.537521 0.124809 0.02872 -0.0892235 -0.649824 
0.000976562 0.11992 0.110287 -0.335645 0.639172 -0.488223 -0.163796 
0.000976562 -0.281514 -0.0753327 0.396782 0.890791 -0.00456795 0.421972 
0.000976562 0.119852 -1.05031 0.50024 0.340615 -0.546243 0.142123 
0.000976562 1.81934 0.205035 -0.911308 -0.47941 -0.0011919 0.0826833 
0.000976562 -0.460822 -0.209481 0.431758 -0.735006 -0.5381 -0.295403 
0.000976562 -0.110635 1.14006 -0.465319 -0.0225986 0.428083 0.00323271 
0.000976562 -0.469233 0.196885 0.0535585 0.456431 -0.847271 -0.081961 
0.000976562 -0.185948 -2.56837 -0.755091 0.214185 -0.0238325 -0.0520705 
0.000976562 0.313188 -0.523482 0.0417884 0.602939 0.428221 -0.715667 
0.000976562 -0.00198694 -0.816405 0.267751 0.0445342 -0.59635 0.506031 
0.000976562 -0.791471 2.21249 0.440864 -0.288402 -0.124447 -0.243871 
0.000976562 0.539674 -1.70771 1.08893 0.0422445 -0.00374801 0.590914 
0.000976562 -0.542747 0.764183 0.58324 -0.465796 0.693133 0.142343 
0.000976562 -0.45804 -0.377933 0.825866 -0.0844698 0.0199108 0.471574 
0.000976562 0.100983 0.289465 0.296784 -0.648923 0.0504971 -0.682323 
0.000976562 0.45307 -0.0860503 -0.283246 0.0423544 0.432275 0.698584 
0.000976562 0.449406 -0.0933999 -1.08628 -0.0127415 -0.335426 0.107097 
0.000976562 -0.0665349 0.0388881 -0.116278 -0.681573 -0.279465 0.361508 
0.000976562 -0.389964 -0.219264 -0.359847 -0.178283 0.0628495 -0.998521 
0.000976562 0.183917 0.369298 0.0345267 -0.107207 -0.311194 0.272053 
0.000976562 0.977846 -0.515716 -0.113495 -0.213782 -0.174529 0.320327 
0.000976562 -0.095174 -0.417882 0.59711 0.318929 -0.111414 0.505547 
0.000976562 0.748004 1.42875 -0.549982 -0.341364 -0.4807 0.103636 
0.000976562 0.395609 0.0984261 -0.093888 0.697685 0.0550103 -0.303737 
0.000976562 0.336922 0.714104 0.394105 -0.484081 -0.0333702 0.382508 
0.000976562 0.141183 0.0828351 -0.0756307 -0.481629 0.0753341 0.402501 
0.000976562 0.796763 0.880148 -0.0106228 0.00101634 0.187711 0.972375 
0.000976562 -0.386353 0.166647 0.633475 0.826009 0.167759 -0.514324 
0.000976562 0.313514 0.782395 -0.707263 -0.484606 -0.0369337 0.0988213 
0.000976562 -0.161248 0.808467 0.837822 -0.182902 0.226019 -0.511865 
0.000976562 0.170614 -0.190679 1.33566 0.0760929 0.0524846 0.716264 
0.000976562 0.151442 -0.351554 0.435747 -0.341681 0.585272 -0.237194 
0.000976562 0.574088 0.231737 0.178192 -0.196231 -0.779887 -0.0812185 
0.000976562 -0.149962 1.19451 0.32568 -0.232188 -0.284443 0.675702 
0.000976562 -0.125827 0.262209 0.43388 0.52071 0.278007 0.549394 
0.000976562 -0.549641 0.748549 0.399953 0.454035 0.142568 -0.0621713 
0.000976562 -2.41946 -3.73547 -4.90255 -0.0416137 0.0222388 0.0763994 
0.000976562 0.270499 -0.0813633 0.202012 0.23974 0.734276 -0.506747 
0.000976562 -0.303754 0.795353 0.18686 0.194316 0.325229 -0.0805557 
0.000976562 -0.0653449 0.525501 -0.125712 -0.162669 -0.0994163 -0.507937 
0.000976562 -0.678948 -5.41942 2.15819 -0.296298 -0.27174 0.121881 
0.000976562 -0.453796 0.134081 0.747218 -0.409774 0.317299 -0.0624145 
0.000976562 -0.0908292 -0.0416335 0.0350651 0.727243 0.0662236 -0.57319 
0.000976562 0.443222 -0.0294815 -0.43407 -0.0792749 -0.218037 0.653778 
0.000976562 -0.0696635 0.137124 -0.145758 -0.210855 0.291421 0.493127 
0.000976562 0.499531 0.922208 -0.696522 0.307281 -0.421956 0.344973 
0.000976562 1.45799 -0.152536 -0.204153 -0.182903 0.181809 -0.46389 
0.000976562 -0.49102 -0.390663 -0.748584 0.504117 -0.337122 -0.459177 
0.000976562 2.68488 -2.10598 -0.683904 -0.155897 0.234271 0.338507 
0.000976562 -0.595367 0.118015 -0.831683 -0.0986457 -0.714562 -0.261544 
0.000976562 0.193714 0.771256 -0.29214 0.444801 -0.290228 0.503683 
0.000976562 0.0501082 -0.177179 -0.175556 -0.16728 -0.00276316 -0.69253 
0.000976562 -0.52998 -0.0629135 -0.0189431 0.442166 -0.295397 -0.469502 
0.000976562 -0.379305 -1.6021 -1.38403 -0.116724 -0.554379 -0.00979061 
0.000976562 0.00374017 -0.691482 -0.908783 -0.450843 -0.113059 0.121773 
0.000976562 -0.594229 0.237576 1.9714 -0.159313 0.249674 0.344697 
0.000976562 0.406414 0.0437299 0.140974 -0.0930383 -0.286649 -0.682166 
0.000976562 -0.413711 -0.356868 0.142129 0.140806 0.127357 0.516087 
0.000976562 0.536006 -0.0997708 0.594783 -0.968243 -0.337354 0.103905 
0.000976562 0.192394 0.175158 -0.262394 -0.930675 -0.286426 -0.407755 
0.000976562 -0.714289 0.307951 0.820042 0.366694 -0.183588 0.28834 
0.000976562 0.00918392 -1.082 0.143836 0.218596 0.0452433 0.140661 
0.000976562 0.0159854 -0.417391 0.665559 -0.046708 0.165493 0.145667 
0.000976562 0.00536359 0.220308 0.425612 0.985886 0.0703779 -0.0834276 
0.000976562 -1.10783 -0.185364 0.912805 -0.0510215 -0.521409 0.360751 
0.000976562 -0.503824 0.0557996 0.111085 0.206705 0.0438325 -0.300676 
0.000976562 -0.403457 -0.0485457 -0.326957 -0.634685 -0.120546 -0.0187438 
0.000976562 0.500934 1.52438 -0.632073 -0.201021 -0.404286 -0.00791186 
0.000976562 0.346765 -0.348143 -0.211633 -0.190915 -0.722792 -0.129605 
0.000976562 0.637327 0.605928 -0.397083 -0.28204 -0.314775 0.13461 
0.000976562 -0.796883 -0.500823 0.606895 0.343439 -0.193453 -0.507576 
0.000976562 -0.37512 0.493588 0.855457 0.269628 -0.345848 -0.0359175 
0.000976562 -0.974199 -0.0126791 -0.538539 -0.295569 -0.13569 0.109627 
0.000976562 0.121871 0.363336 0.36262 0.65264 0.424905 -0.258265 
0.000976562 -0.714279 -0.0377356 0.536491 -0.173961 -0.244549 0.365753 
0.000976562 0.369344 -0.281748 0.319606 -0.347321 -0.580297 0.141127 
0.000976562 -0.17242 -0.831834 -0.929697 -0.425298 0.26887 -0.223747 
0.000976562 0.675926 0.225077 0.312995 0.164379 -0.717752 -0.575782 
0.000976562 0.543693 -0.4007 0.151443 -1.15687 -0.179419 0.140382 
0.000976562 0.521223 0.244556 0.382023 0.117399 -0.378292 0.0479225 
0.000976562 0.153018 0.407718 -0.697275 0.172368 -0.130858 0.750429 
0.000976562 -0.241554 -0.696266 -0.0594795 0.34565 0.0311144 -0.103705 
0.000976562 -3.88314 -0.0812114 0.421925 0.428283 -0.220384 0.0457507 
0.000976562 0.0834734 -0.109811 -0.155931 -0.0120212 -0.0063968 0.249326 
0.000976562 -0.567018 0.894922 0.305371 -0.0412959 -0.158078 -0.255086 
0.000976562 0.312009 0.965558 1.58493 -0.101916 0.0611169 0.0203935 
0.000976562 -0.182018 -0.18608 0.354928 0.511746 -0.391714 0.249764 
0.000976562 0.0321867 0.136506 0.0690367 -0.943432 -0.0268129 -0.0277124 
0.000976562 -0.232398 0.162843 0.199783 -0.677283 0.165717 -0.0761725 
0.000976562 -0.545707 -0.0182064 0.843568 0.0890689 -0.376683 -0.0719479 
0.000976562 0.0362004 0.26626 -0.163457 -0.0564492 0.36377 -0.180571 
0.000976562 0.22129 0.548005 -0.743198 -0.182202 -0.434957 0.388972 
0.000976562 -0.0555422 0.356108 0.112286 -0.32872 0.0534569 0.0815849 
0.000976562 0.0770173 -0.24255 -0.350307 0.182189 0.713315 -0.305577 
0.000976562 1.4386 -4.39853 -5.42141 0.0756125 0.0957665 -0.0414899 
0.000976562 -0.604559 -0.367372 1.52756 -0.657053 0.109341 0.299166 
0.000976562 0.400682 0.151222 1.11395 -0.514815 0.00533702 -0.265453 
0.000976562 -0.0542579 -0.152115 -0.0855939 -0.606876 -0.180668 0.247949 
0.000976562 -0.930719 0.649707 -2.03537 -0.0129322 -0.0512497 -0.402358 
0.000976562 0.882916 0.342457 0.917134 -0.274577 -0.220342 0.0329614 
0.000976562 -0.0636097 -0.369776 -0.0796699 -0.652588 0.127462 0.648699 
0.000976562 -0.323195 -0.00499988 -0.00854323 -0.137533 -0.623507 -0.112623 
0.000976562 -1.0823 -2.69292 -1.84585 0.0676612 0.144942 0.225024 
0.000976562 -0.616834 -1.71311 -0.396103 0.402907 0.360467 0.251681 
0.000976562 0.439682 -0.113598 -0.0841469 0.142387 0.283457 0.315008 
0.000976562 -1.46402 0.0198241 -0.934359 0.161889 -0.416362 -0.00607515 
0.000976562 2.18745 -1.9905 -0.0592813 0.363077 -0.0279345 -0.122959 
0.000976562 -0.234681 0.572298 1.59427 -0.429754 -0.255066 -0.154775 
0.000976562 0.757531 0.487625 -0.884664 -0.608083 0.132508 -0.475577 
0.000976562 -0.251289 0.559519 1.18467 -0.465926 -0.218572 -0.114675 
0.000976562 0.893108 0.157023 -0.34948 0.693834 0.485462 0.16445 
0.000976562 0.101869 0.283522 -0.0126109 -0.0373187 0.522596 0.696662 
0.000976562 -0.315769 -0.567119 -0.0989024 0.0737798 0.218023 -0.974631 
0.000976562 0.119736 0.189689 -0.11898 -0.3376 0.82395 -0.339964 
0.000976562 0.345379 -0.690128 0.0671876 -0.378747 -0.049533 -0.0636803 
0.000976562 -0.564194 0.0406044 -0.12127 0.299195 -0.0558178 -0.339234 
0.000976562 0.742432 -0.172908 -1.10505 0.195067 0.0948837 -0.499769 
0.000976562 1.4801 -0.382046 4.18198 0.339726 0.21559 0.214092 
0.000976562 0.119686 -0.0613907 -0.100984 0.309782 0.271906 -0.0473261 
0.000976562 -1.31255 0.142659 1.38658 0.105442 0.14783 -0.415134 
0.000976562 -0.272471 2.24767 0.0477656 0.270634 0.0315538 0.0853003 
0.000976562 -0.0114938 -2.06752 -0.4945 -0.0741054 0.237051 -0.286366 
0.000976562 -1.18822 -0.983023 -0.248076 0.35354 0.0888351 0.58835 
0.000976562 1.34758 -0.403072 0.192272 -0.0982558 0.338135 -0.43123 
0.000976562 -0.95814 0.607168 -0.124094 -0.0384716 -0.239009 0.324903 
0.000976562 -0.0101062 -0.565456 0.873685 0.788268 0.339618 0.0471053 
0.000976562 2.01592 -2.48137 -3.71664 -0.120448 0.0435823 -0.203121 
0.000976562 -0.730428 0.0512205 0.941346 -0.566555 0.250551 -0.296454 
0.000976562 -0.134702 0.3228 0.390921 -0.583833 0.140833 0.107024 
0.000976562 0.501979 0.0094064 0.268617 0.14606 -0.327164 -0.10115 
0.000976562 0.0318395 -0.387462 -0.458422 -0.563343 0.382501 -0.350923 
0.000976562 -0.188238 0.126392 0.00975012 0.47321 0.614394 0.266208 
0.000976562 -0.696741 -1.04425 -0.265927 0.338776 0.434787 -0.300016 
0.000976562 -0.300313 -0.272993 0.245524 0.398173 0.272528 0.283791 
0.000976562 0.0848943 0.169052 0.314654 0.249906 -0.259729 -0.610847 
0.000976562 0.497838 -0.193765 -1.49182 -0.209669 -0.23629 -0.183061 
0.000976562 -0.2417 0.00574841 0.350438 -0.65587 -0.434695 0.313534 
0.000976562 -0.112956 -0.232534 0.443851 0.549645 0.626366 -0.0206637 
0.000976562 0.0588207 -0.01226 0.0353898 0.246843 0.102553 -0.238161 
0.000976562 -0.232784 -0.28827 0.465558 0.372644 -0.453547 -0.302036 
0.000976562 0.312244 0.493857 0.332731 -0.121376 -0.113882 -0.1906 
0.000976562 0.3094 -0.14912 -0.0849346 -0.835347 0.00966136 -1.02559 
0.000976562 -0.134001 0.101538 0.306432 -0.233016 -1.03665 -0.342733 
0.000976562 0.215215 -1.43823 -0.72443 -0.333534 -0.225944 0.0213484 
0.000976562 -0.298675 0.233373 0.49825 0.0165651 0.153385 0.0118908 
0.000976562 -1.67436 1.4706 -1.31574 0.0658753 -0.354093 0.404804 
0.000976562 0.0537705 0.117041 0.208233 -0.955036 0.0557056 -0.256246 
0.000976562 0.319769 -0.520089 0.17066 0.331748 0.246648 -0.0996619 
0.000976562 0.733256 -0.451295 -0.299075 -0.105734 -0.605791 -0.261742 
0.000976562 0.179371 -0.162148 -0.233693 0.9128 -0.323519 0.428675 
0.000976562 1.83286 0.249843 2.98655 -0.137027 -0.158078 0.0929757 
0.000976562 -0.0480833 0.318762 -0.212687 -0.669244 -0.528408 -0.299091 
0.000976562 0.40374 -0.201739 0.465163 0.190167 -0.404309 -0.689073 
0.000976562 -0.036864 -1.88713 0.868498 0.0947223 0.233222 0.154614 
0.000976562 -1.54789 0.284895 0.176369 0.617092 0.400266 -0.327358 
0.000976562 0.330227 0.643239 1.59362 -0.485359 -0.544746 -0.156858 
0.000976562 0.015381 0.201011 -0.264476 -0.433636 -0.127369 -0.029342 
0.000976562 0.14338 0.115871 0.274147 0.429619 -1.03466 -0.460813 
0.000976562 -0.216898 0.0190319 -0.443751 0.719095 0.159926 -0.682724 
0.000976562 -1.24033 -0.266651 0.0978852 -0.0724426 -0.0885565 0.620577 
0.000976562 0.10084 0.0345748 -0.190538 0.749272 0.149713 1.14224 
0.000976562 -0.241647 -0.160334 -0.277562 -0.0338136 0.206277 1.03048 
0.000976562 0.24882 0.164997 -0.0219809 -0.991814 0.145992 -0.274229 
0.000976562 0.484649 0.50551 -0.525178 -0.112471 -0.274468 0.0967545 
0.000976562 -0.0194345 -0.233811 0.0748003 -0.780258 -0.85106 -0.213975 
0.000976562 -0.0902464 -0.053522 -0.162849 -0.240948 0.906735 0.135356 
0.000976562 -0.249122 0.951803 1.30178 0.404487 0.276605 -0.147762 
0.000976562 0.27671 -0.123557 1.18891 -0.0241461 0.469598 0.443329 
0.000976562 0.441611 -0.481914 -0.699341 -0.127621 -0.0545866 0.211964 
0.000976562 0.75647 -0.187681 -0.338228 0.380201 -0.425251 0.0955826 
0.000976562 -0.0276997 -0.0134998 0.129614 -0.902956 -0.436002 -0.253603 
0.000976562 0.527644 -0.212697 -0.0801542 -0.20616 -0.13573 0.0800175 
0.000976562 -0.0451564 -0.0645496 0.739853 0.0248279 -0.505523 0.0486044 
0.000976562 -0.179587 -0.742218 -0.455866 -0.366794 0.163266 0.351809 
0.000976562 -0.293236 0.0946024 0.0788391 -0.397368 0.197315 0.911712 
0.000976562 1.30284 -0.0408683 1.18127 0.46908 0.261425 0.373289 
0.000976562 0.435198 0.719841 0.572076 0.167401 0.406749 0.451496 
0.000976562 -0.16309 -0.829016 -0.171622 -0.409745 0.145745 0.0300418 
0.000976562 -0.701787 0.275997 2.54091 -0.00718983 0.0284906 -0.164907 
0.000976562 0.973446 -0.463646 -0.0406708 -0.0929736 -0.0154921 0.102423 
0.000976562 -0.223936 0.18161 -0.378643 0.0195297 -0.60702 0.386096 
0.000976562 0.289074 2.71502 -1.09113 -0.00062889 -0.039269 0.281082 
0.000976562 -0.235898 0.494135 -0.178589 -0.300521 0.0385513 0.374611 
0.000976562 1.22458 -0.078219 0.554975 -0.690283 -0.352677 -0.0309555 
0.000976562 0.302841 0.133375 0.071845 -0.527758 0.28799 0.72052 
0.000976562 -2.94242 -0.855099 -0.230042 -0.172733 -0.209508 0.04386 
0.000976562 0.100586 0.256538 0.487205 0.56514 -0.446354 -0.551624 
0.000976562 0.691432 -0.389554 0.324911 0.043813 -0.842863 0.15846 
0.000976562 0.372627 0.39247 -0.0593135 -0.0652939 -0.305319 0.630429 
0.000976562 -0.0243672 -0.671676 0.894745 0.0679376 -0.290484 0.614417 
0.000976562 -2.77642 1.2653 -1.33114 0.168524 0.290271 -0.230895 
0.000976562 -0.15976 -0.533506 -1.03484 -0.197216 -0.447912 -0.0668349 
0.000976562 0.34411 -0.505725 0.496969 0.0352614 0.350918 0.398546 
0.000976562 -0.640798 -0.0239819 -0.63749 -0.138321 0.148314 -0.276627 
0.000976562 -0.538129 0.739504 0.170039 -0.4271 -0.0260943 0.334909 
0.000976562 0.106567 0.112747 -0.0911511 -0.487201 0.0103026 -0.291355 
0.000976562 -0.6155 1.30813 -3.67047 0.105235 -0.280636 0.281998 
0.000976562 -0.426952 0.268518 0.0104967 1.14779 -0.26 0.123884 
0.000976562 -1.40812 0.21043 -0.463132 0.251997 0.17263 -0.106604 
0.000976562 -0.0329769 -0.596733 -1.09074 -0.25407 -0.783027 0.196246 
0.000976562 0.998115 0.143379 -0.0923555 -0.204023 0.39147 0.201569 
0.000976562 0.672367 -0.525153 0.354417 -0.0517806 0.250575 0.692954 
0.000976562 0.712408 0.154536 0.145543 -0.33046 0.718212 0.319712 
0.000976562 0.44275 -0.059229 -0.257858 0.00994175 0.724877 -0.155182 
0.000976562 -0.420826 0.268877 -0.338404 -0.537856 -0.0473745 0.300607 
0.000976562 -0.330774 -0.239076 0.248089 0.453729 -0.532429 -0.215977 
0.000976562 0.901503 -0.177475 0.110708 0.130384 0.300178 -0.354825 
0.000976562 -1.38338 -1.33991 0.590364 -0.0535294 0.0617463 0.214645 
0.000976562 -0.226548 0.570466 -0.0966002 -0.576645 0.342076 -0.326885 
0.000976562 -1.42897 -0.847659 2.61033 -0.127836 -0.305708 -0.128906 
0.000976562 1.08056 0.504156 -0.0416113 0.216234 -0.882941 -0.177816 
0.000976562 -0.134077 0.226465 0.306935 -0.511463 0.510736 0.171278 
0.000976562 0.373392 -0.192338 -0.294601 0.451451 0.714212 0.00981369 
0.000976562 0.340657 0.191898 0.0816889 0.270792 -0.140621 0.587254 
0.000976562 -0.778287 -2.04968 0.180553 0.169304 -0.0854377 0.210652 
0.000976562 0.858527 -0.353488 0.642943 0.15874 -0.147791 -0.0642157 
0.000976562 -0.328029 0.190894 -0.0322978 -0.0385887 -0.404697 0.47249 
0.000976562 -1.42976 -0.260166 0.221502 -0.146809 0.167375 0.0210317 
0.000976562 -0.501269 -1.22489 0.410062 0.523554 -0.170099 -0.385732 
0.000976562 -0.186251 -0.0225874 0.730479 -0.206823 -0.0629268 -0.871036 
0.000976562 -0.060467 -0.161078 -0.33794 0.170585 0.509647 0.0149111 
0.000976562 -0.43998 -0.124292 -0.347091 1.0664 0.407577 0.275152 
0.000976562 -0.240476 0.333103 -0.262124 -0.704388 -0.337044 0.736022 
0.000976562 -0.189602 -1.09454 -0.35712 0.313773 -0.354309 -0.117376 
0.000976562 -1.19222 -0.725136 -0.58083 0.0945336 0.743529 -0.453825 
0.000976562 0.0088732 -0.260034 -0.109145 -0.612203 0.102359 -0.484561 
0.000976562 -0.1063 -0.38414 0.466942 -0.601004 -0.183262 -0.228632 
0.000976562 0.593926 0.425935 1.85809 -0.455338 -0.0290598 0.117092 
0.000976562 1.20702 -6.12794 0.161826 -0.0477733 -0.125753 -0.254661 
0.000976562 0.0373917 0.432445 -0.140286 0.644368 0.631089 -0.379448 
0.000976562 -0.192508 -0.0797235 -0.0609871 0.242177 0.18123 -0.468859 
0.000976562 0.365009 0.44935 -1.00708 0.54069 0.15811 0.427325 
0.000976562 -0.732967 0.00347483 0.706743 -0.193099 -0.102772 -0.152177 
0.000976562 0.0680747 -0.497863 1.96704 0.202776 -0.0430247 0.321289 
0.000976562 0.618257 -0.747908 0.561456 -0.153521 -0.38976 -0.214527 
0.000976562 0.470206 0.596508 0.393407 0.184843 0.281043 0.0267546 
0.000976562 -0.421756 -0.0770155 0.374949 0.346632 -0.408916 -0.143943 
0.000976562 0.0976011 0.400651 0.0953119 -0.259768 0.289187 -0.472839 
0.000976562 0.0756477 -0.444852 0.0328902 -0.334235 0.571209 0.350167 
0.000976562 -0.155043 0.168805 0.102387 0.0952297 0.48952 0.731881 
0.000976562 -0.493998 2.18296 1.17306 -0.109694 -0.00953313 0.0984957 
0.000976562 0.42018 -0.0219036 0.0425863 0.787355 -0.902682 0.581782 
0.000976562 -0.225577 -0.316335 -0.113165 0.883623 0.0415395 -0.624547 
0.000976562 -0.240919 0.218467 -0.0242457 0.0387611 0.997592 0.124082 
0.000976562 -0.0851239 0.782805 1.16691 0.522874 0.593107 0.198757 
0.000976562 0.0914831 0.594559 0.113196 0.163998 0.6712 -0.725269 
0.000976562 -0.298885 -0.238161 0.135205 0.0934252 0.111452 0.606496 
0.000976562 0.323315 0.215448 -0.439421 -0.0535601 -0.0727968 -0.766147 
0.000976562 0.171203 -0.0824714 0.191575 0.0698682 0.635453 0.416961 
0.000976562 -0.497078 0.410366 -0.124944 -0.26936 -0.902202 0.0743364 
0.000976562 0.20509 -0.269803 -0.666233 0.092069 0.395267 0.0297421 
0.000976562 0.810828 0.26424 1.23618 -0.206123 -0.383262 -0.0172286 
0.000976562 -0.262549 3.61575 1.31511 0.201616 0.348784 -0.178141 
0.000976562 -0.618884 -0.325158 0.0575772 0.37351 0.358833 0.249143 
0.000976562 -0.740773 -0.0413015 0.0924185 -0.391517 -0.133989 0.777031 
0.000976562 -0.235591 0.194221 0.368834 -0.97987 -0.0972078 0.404427 
0.000976562 0.334701 -0.258134 0.0065732 0.106473 -0.285547 0.496077 
0.000976562 -0.197735 0.418663 -0.364461 0.372988 0.377574 0.861535 
0.000976562 0.29453 0.102148 -0.297574 0.134805 -0.40545 0.258334 
0.000976562 -0.335437 0.0979679 0.450421 0.140358 -0.459624 -0.873028 
0.000976562 -0.279235 0.281953 -0.385817 -0.289759 0.267676 0.204787 
0.000976562 -0.00194113 0.388558 0.525706 0.664312 0.477044 0.433448 
0.000976562 0.204192 -1.00522 0.496184 0.187289 0.42324 0.603773 
0.000976562 -0.0737933 -0.137459 -0.222666 0.0576933 -0.182752 0.475848 
0.000976562 -0.652316 -0.0925195 -0.0808496 0.00582809 0.0365743 0.248523 
0.000976562 0.144204 -0.0525282 -0.0810092 -0.522283 -0.349986 -0.621924 
0.000976562 0.0378127 -0.506535 1.30254 -0.162192 0.31547 -0.0670551 
0.000976562 -0.487681 -0.814581 0.858447 -0.102041 0.538561 0.0704788 
0.000976562 0.299079 -0.0712653 0.59425 0.290915 -0.64369 -0.239592 
0.000976562 0.141176 0.604428 0.402146 -0.588102 -0.823854 -0.158355 
0.000976562 0.108828 0.145998 0.309908 0.545986 0.0123537 0.261355 
0.000976562 0.160884 0.0412781 0.0166076 -0.276597 0.513152 0.380688 
0.000976562 0.283565 0.326079 0.0825734 0.0991375 -0.17989 1.17346 
0.000976562 -0.540885 0.107918 -0.456255 -0.555118 -0.192431 0.588668 
0.000976562 -1.5809 -0.32444 -0.305675 -0.676254 -0.436139 -0.0274468 
0.000976562 -0.0241546 -0.00305319 -0.177118 -0.577846 0.573194 -0.277542 
0.000976562 0.209553 0.0677398 -0.415969 -0.373788 -0.549682 0.0974906 
0.000976562 -0.21499 0.948407 0.355913 -0.85465 0.429639 0.0854413 
0.000976562 0.688375 -1.11515 -0.802401 -0.0228551 -0.190188 0.147017 
0.000976562 1.3049 -0.209597 -0.122445 0.303123 -0.22202 0.19056 
0.000976562 0.391902 -0.58055 -0.0548355 0.462171 -0.202128 0.832758 
0.000976562 -1.46619 1.71194 0.749668 -0.153742 -0.0168431 0.570403 
0.000976562 0.765491 -0.125882 0.0603845 -0.056485 0.791892 0.0276374 
0.000976562 -0.0182999 -1.05245 0.513072 -0.510327 0.565008 -0.0248596 
0.000976562 -0.147273 -0.60218 -0.222301 0.184708 0.410125 0.138122 
0.000976562 -0.500853 -0.847453 -1.62909 0.188273 0.332541 -0.367974 
0.000976562 1.32332 -0.0541772 1.20939 -0.195925 0.00874284 0.418424 
0.000976562 -0.387484 0.693523 -0.549036 0.0316278 0.00580458 0.128579 
0.000976562 0.47611 -0.000965028 0.513958 0.0381992 -0.551588 0.288602 
0.000976562 -0.135355 0.314961 -0.0657075 -0.107385 0.369017 0.030461 
0.000976562 -0.365207 0.38652 0.0192543 -0.135471 0.0774841 -0.0407855 
0.000976562 -0.582155 -1.09038 -0.00538276 -0.712099 -0.0464887 -0.631648 
0.000976562 -0.354091 -0.143396 0.196416 0.241123 -0.157405 -0.486926 
0.000976562 0.0290561 0.432792 -0.252942 0.0205591 0.111846 -0.275876 
0.000976562 -0.290819 -0.237432 -0.455102 0.713593 -0.384795 -0.474349 
0.000976562 0.757932 0.489977 0.524709 0.12501 0.384115 -0.190699 
0.000976562 0.355454 0.433079 -0.6615 -0.0880255 -0.228732 0.555466 
0.000976562 0.132193 -0.745157 0.687351 0.233503 0.384757 0.432674 
0.000976562 1.06607 -0.431391 1.08186 -0.253574 0.130008 -0.425682 
0.000976562 0.630418 -0.188338 -0.460949 0.341551 0.729039 -0.151527 
0.000976562 -0.146561 0.567941 0.347495 0.242399 -0.424689 0.67812 
0.000976562 0.327087 -0.115389 -0.841772 0.0229516 0.361639 -0.622832 
0.000976562 1.26144 0.035437 0.766751 0.0994991 0.686636 0.0924367 
0.000976562 0.394234 0.389363 -1.02559 -0.235609 -0.133689 0.0495632 
0.000976562 0.530657 0.605095 -0.456245 0.717773 -0.0729661 -0.0684798 
0.000976562 -0.321095 0.153841 0.70878 0.138146 -0.637157 -0.331755 
0.000976562 -0.364896 -0.15045 -0.357642 -0.10928 0.818771 -0.000271292 
0.000976562 -0.481297 -0.223514 -0.00267407 0.420515 0.277131 -0.133897 
0.000976562 -0.178149 0.250942 0.42976 0.41667 0.513967 -1.01262 
0.000976562 -0.122834 -0.0703277 0.470693 -0.379176 -0.136106 0.254946 
0.000976562 -1.32907 2.0418 -1.33204 -0.122118 -0.0595392 0.0875826 
0.000976562 -0.183811 -0.233969 -0.339707 0.263771 0.705106 -0.37976 
0.000976562 -0.0072198 0.0403242 -0.881149 -0.235344 0.248802 -0.0760606 
0.000976562 0.820189 0.745023 1.61421 0.452863 -0.0280276 0.0225247 
0.000976562 1.30403 0.16947 0.591011 -0.0935657 0.15624 -0.369821 
0.000976562 -0.445257 -0.101846 0.0924073 -0.694146 0.263164 -0.378676 
0.000976562 0.195646 -0.326028 0.0893126 0.446049 0.0433319 0.671849 
0.000976562 0.69918 -0.275255 0.292524 0.337835 -0.324816 0.689481 
0.000976562 -1.20375 0.452621 0.436818 0.108066 0.0943135 0.108903 
0.000976562 -0.400293 0.258753 -0.0258095 -0.523583 -0.117788 -0.212877 
0.000976562 -0.20361 0.0685602 -0.654677 -0.237382 0.0587101 -0.659531 
0.000976562 -0.0522651 0.114768 0.0901927 0.303126 -0.00781906 -0.0349706 
0.000976562 -0.162807 -0.121022 0.182122 0.566469 0.228742 -0.570941 
0.000976562 -0.0616386 0.487985 -0.751162 -0.230579 0.610852 -0.184626 
0.000976562 -0.800506 -0.786664 -0.136886 -0.0367311 0.421491 -0.0772053 
0.000976562 -0.0536678 -0.0196983 0.203559 0.10483 0.163576 0.396515 
0.000976562 0.266312 0.498044 -0.390545 0.0116794 -0.856631 -0.647267 
0.000976562 -0.0174521 -0.718016 -1.23704 0.346353 -0.192307 0.281405 
0.000976562 -0.0575324 0.621935 0.460494 0.195325 0.677589 -0.706996 
0.000976562 -0.0143598 0.421597 0.281111 0.834628 0.157273 0.435159 
0.000976562 -0.0932818 -0.218721 -0.658189 -0.0419838 0.802035 -0.0232958 
0.000976562 -0.687198 -0.456709 0.551559 -0.00337753 -0.93667 0.0584231 
0.000976562 -7.31606 0.512021 6.95916 0.115249 -0.0465488 -0.196904 
0.000976562 -0.00644154 0.379339 0.626626 0.766215 -0.197661 -0.153874 
0.000976562 0.417077 -0.296844 0.0589973 0.0525857 0.580846 -0.0573868 
0.000976562 -1.66552 -1.3136 1.33871 -0.100539 0.362756 -0.444858 
0.000976562 0.0555374 -0.221996 -0.130599 -0.988841 -0.560189 -0.517012 
0.000976562 0.254912 0.434478 -0.247268 -0.671046 0.560691 0.2769 
0.000976562 -3.46958 -2.29307 -4.50881 0.28255 -0.157264 -0.00932049 
0.000976562 -0.332302 0.062941 0.0746004 -0.150931 -0.629223 -0.415021 
0.000976562 -0.112462 0.24003 -0.489616 0.0736071 0.433993 -0.762862 
0.000976562 0.188361 -1.26204 0.124481 0.43827 0.138968 -0.220923 
0.000976562 0.836519 1.73684 -0.430171 0.00325117 0.190004 -0.222926 
0.000976562 0.124678 0.0138543 -0.416428 0.422683 -0.205115 -0.277286 
0.000976562 -1.66838 -0.41537 0.467045 0.390362 0.353762 0.185602 
0.000976562 0.940659 -0.379463 -0.465893 -0.0460241 0.154909 -0.111987 
0.000976562 -1.59999 0.0224352 0.800945 0.264621 -0.742628 -0.250429 
0.000976562 -0.234354 -4.90576 -8.20186 0.114442 -0.0446387 0.056775 
0.000976562 -1.41747 1.22186 -1.09838 -0.549478 0.366558 -0.0262372 
0.000976562 -0.410433 0.119795 -0.10406 0.309628 0.0171764 -0.39436 
0.000976562 -0.254887 0.99728 -0.0344548 0.0873866 -0.220404 0.484478 
0.000976562 -0.850984 1.14749 0.199036 0.13151 -0.478724 -0.295139 
0.000976562 -0.566404 0.1958 0.159869 -0.553721 0.275906 -0.69909 
0.000976562 4.17857 0.539486 0.568765 0.0374519 -0.161825 -0.158617 
0.000976562 0.158272 0.919902 -0.0519931 -0.630116 0.17336 -0.263185 
0.000976562 -0.167182 0.0237481 -0.719058 0.200673 -0.648573 0.553113 
0.000976562 0.445364 -1.10335 0.197664 0.0612549 -0.568969 0.595175 
0.000976562 0.316184 0.598225 0.317628 0.309419 -0.422654 0.330202 
0.000976562 0.101579 0.617372 -0.593748 0.228894 0.287715 -0.0954807 
0.000976562 -0.0312988 -1.17587 -0.544742 -0.0531945 -0.438453 0.150984 
0.000976562 -0.930771 -0.19931 0.61036 0.600599 -0.161633 -0.213671 
0.000976562 -0.139945 0.305838 -0.355938 0.442163 0.485003 -0.242206 
0.000976562 0.265941 0.250568 -0.4468 -0.889659 -0.0115283 -0.156458 
0.000976562 0.2524 0.220538 -0.561402 -0.684562 0.535878 0.42306 
0.000976562 0.185656 0.196943 -0.358692 0.00777096 -0.27741 -0.354723 
0.000976562 0.127194 0.606286 0.0453334 0.46453 -0.507383 -0.315298 
0.000976562 0.168077 -0.513586 -0.713426 -0.202204 0.452011 -0.628631 
0.000976562 0.290042 -0.091391 -0.0429372 -0.0746872 0.702127 -0.449934 
0.000976562 0.305324 -0.148982 0.408157 -0.0573496 -0.00571134 0.920265 
0.000976562 0.264185 -0.532276 -1.06694 -0.488665 -0.0717731 0.370008 
0.000976562 -0.468676 -0.0115967 -0.191721 -1.00441 0.475225 -0.0818873 
0.000976562 -0.360272 -1.03973 0.548197 -0.109115 0.0441559 -0.277717 
0.000976562 0.126249 -0.329121 -0.0315984 0.228312 0.618012 0.24095 
0.000976562 1.01825 -4.29239 -0.27426 -0.1748 -0.122616 -0.120933 
0.000976562 -0.104648 0.280915 -0.10355 0.695382 0.156686 0.0393867 
0.000976562 -0.55404 -0.0635422 0.180782 -0.0523155 0.921071 -0.178721 
0.000976562 -0.0445078 -0.258535 0.327269 0.544014 -0.0099285 0.297078 
0.000976562 -0.85183 -1.75951 1.69437 0.170906 -0.132979 0.270548 
0.000976562 0.973339 0.506663 -0.254037 0.0199981 0.047927 -0.00674531 
0.000976562 0.0792412 -0.138725 0.414927 -0.10306 -0.647542 0.788584 
0.000976562 0.33441 -0.198256 0.108504 -0.317971 1.00016 0.689531 
0.000976562 0.392598 -1.02362 -0.0255076 -0.199135 -0.191467 -0.321738 
0.000976562 -0.140269 0.0450203 -0.135813 0.386337 0.0899891 0.162369 
0.000976562 -0.833916 -6.86252 -1.04207 -0.0922198 0.287169 0.16343 
0.000976562 0.0677662 0.287558 -0.00682071 -0.565277 -0.343441 -0.0887166 
0.000976562 -0.00313353 -0.345494 -0.0914619 -0.453621 0.402658 -0.985683 
0.000976562 -0.151008 -0.26484 -0.234309 0.276433 -0.0134613 -0.235458 
0.000976562 0.855638 0.178255 -0.47835 0.322884 0.253582 0.44321 
0.000976562 -0.412976 0.267572 0.295423 -0.773328 0.205469 0.0496232 
0.000976562 -0.0481823 0.0187174 0.17626 0.355718 -0.553492 -0.67736 
0.000976562 -0.675563 1.16108 -0.00905755 0.31026 0.375439 0.0496978 
0.000976562 -0.480423 -0.776072 0.501698 0.932538 -0.099523 0.0602532 
0.000976562 -2.26519 -0.504372 -0.152794 0.578248 0.177204 0.337077 
0.000976562 0.163636 0.135401 0.0372403 0.0250657 -0.914398 -0.778133 
0.000976562 -0.992006 -0.0869023 0.150092 -0.0321935 0.055922 -0.5349 
0.000976562 -0.844707 -0.176569 -0.208195 -0.184206 0.0549524 0.624176 
0.000976562 0.0289349 0.139193 1.01902 0.338258 0.066956 -0.144651 
0.000976562 -0.394226 0.717691 0.254446 0.00211797 0.363554 0.501008 
0.000976562 1.18501 -0.0202839 0.538634 0.735508 -0.219855 0.342684 
0.000976562 -0.488587 -1.44354 0.792374 -0.225454 0.418601 0.0988326 
0.000976562 -0.23128 -0.958035 -0.601033 0.178464 0.285561 -0.0886622 
0.000976562 -0.0747171 0.255919 -0.48482 -0.235972 0.410495 0.0825687 
0.000976562 0.403017 0.0670433 0.334211 0.431733 -0.2084 0.166503 
0.000976562 0.529801 0.134767 0.415626 -0.797615 -0.381532 -0.0159469 
0.000976562 0.357007 0.259616 0.00339048 -0.88401 0.497676 0.0762041 
0.000976562 -0.486526 -0.571063 0.367657 0.187016 -0.352496 0.237513 
0.000976562 0.186544 -0.0751391 -0.0718613 0.630539 -1.07286 0.112435 
0.000976562 -0.0139132 0.142865 -0.321621 -0.301074 -0.0940042 -0.0384485 
0.000976562 0.181317 -0.165679 0.0354436 -0.0965199 -0.972165 -0.0895004 
0.000976562 0.489469 -1.0356 -0.235649 -0.211562 -0.247414 0.049138 
0.000976562 -0.109475 -0.0267454 0.0604367 0.112484 0.89347 -0.210438 
0.000976562 -0.23956 0.594161 -0.263736 0.0675558 -0.059364 0.141482 
0.000976562 -0.524941 -0.792515 -0.355274 0.0218584 0.258795 0.387911 
0.000976562 -0.27611 0.328598 -0.0312918 -0.344007 1.04176 -0.732372 
0.000976562 -0.115543 -0.328692 -0.556393 0.160478 0.343592 -0.45775 
0.000976562 0.308131 -0.791756 0.642938 -0.384661 -0.362563 0.39361 
0.000976562 -3.61956 0.923729 0.179148 0.20148 0.338294 0.153211 
0.000976562 -0.75221 -0.16839 0.395445 -0.40513 0.285578 -0.153423 
0.000976562 0.240388 0.621293 0.340979 0.139624 -0.203554 0.0945333 
0.000976562 1.6226 0.155926 0.823379 0.656741 0.203184 -0.0278593 
0.000976562 0.152769 -0.295436 0.10759 -0.581506 -0.699672 0.639401 
0.000976562 0.273869 0.0947212 0.0461005 0.114133 -0.839186 -0.248069 
0.000976562 0.588784 0.554191 0.419901 0.0198604 -0.0419751 0.208952 
0.000976562 0.987623 0.938287 0.135276 0.392943 0.113813 -0.13612 
0.000976562 -0.471541 0.138234 0.724882 0.362361 0.790284 -0.487522 
0.000976562 -1.30681 2.56356 -0.807737 -0.519953 0.0465853 -0.407569 
0.000976562 0.452611 -0.984387 1.22813 -0.405832 0.022735 -0.0374105 
0.000976562 0.133395 -0.0227161 0.309211 0.905293 -0.391764 0.598731 
0.000976562 -0.231676 0.364788 -0.308555 -0.373704 0.699758 0.205287 
0.000976562 -0.22504 -0.209717 -0.238733 -0.092617 -0.545556 -0.148455 
0.000976562 -0.372457 0.353036 0.296402 -0.0624569 0.353616 -0.550014 
0.000976562 -0.237034 0.920871 0.254883 -0.0433797 -0.416447 -0.0700389 
0.000976562 7.78265 -0.763852 5.64731 -0.179992 0.00588185 0.211133 
0.000976562 0.273464 -0.926062 0.190924 -0.466084 -0.167257 -0.436275 
0.000976562 0.131528 -0.319986 0.271644 -0.349487 -0.504244 -0.438373 
0.000976562 -0.100208 0.210193 0.261665 -0.523121 0.203831 0.0249803 
0.000976562 0.204559 -0.327918 0.26177 0.775821 0.594694 -0.837894 
0.000976562 0.0451607 -0.101349 -0.144321 0.829974 -0.135204 0.784851 
0.000976562 0.209569 0.30545 0.274006 -0.531533 -0.318603 -0.173599 
0.000976562 0.223333 0.0627187 0.245208 0.326088 0.0133468 -0.00266794 
0.000976562 -1.32119 -0.261923 -0.125307 -0.039806 0.862077 -0.177551 
0.000976562 -0.639798 0.495382 -0.182093 -0.493551 0.265718 -0.0633656 
0.000976562 -0.595474 -0.61161 -0.814427 0.309193 0.352989 0.455143 
0.000976562 -0.449454 -0.0282274 -0.272215 -0.028187 -0.314733 0.0741036 
0.000976562 -0.992515 -2.11989 0.403084 0.515635 0.311885 -0.252379 
0.000976562 0.535538 0.217253 -0.306043 -0.695887 0.380315 -0.47875 
0.000976562 -0.182254 0.100301 -0.300595 0.0714334 -1.05561 -0.825324 
0.000976562 0.78026 -1.25276 -0.423803 0.111979 -0.256487 -0.165664 
0.000976562 0.00820716 0.0698408 -1.12144 0.606574 0.126588 -0.377933 
0.000976562 -0.116207 0.0812189 0.203433 -0.229212 0.22002 -0.700536 
0.000976562 -0.829807 0.535331 0.739606 -0.337406 -0.277758 0.0752955 
0.000976562 0.224828 -0.0669318 -0.110036 0.199735 0.823567 -0.150419 
0.000976562 -0.470391 -0.482752 0.398489 -0.420826 0.428339 0.109506 
0.000976562 -0.0772388 0.0833037 0.145285 0.0953023 0.543017 -0.362294 
0.000976562 -0.0162081 0.874932 -0.240757 -0.745005 -0.428074 -0.333268 
0.000976562 -0.097821 2.70036 2.05149 -0.178287 0.105809 -0.458459 
0.000976562 0.818267 0.126991 0.315751 0.241762 0.256733 -0.165943 
0.000976562 -0.885711 1.18357 0.451164 0.126536 0.566674 0.215326 
0.000976562 -0.521068 0.310176 -0.198913 -0.489549 -0.0358827 -0.411638 
0.000976562 -2.50272 -1.25492 -1.39068 -0.416872 0.155499 -0.343145 
0.000976562 0.00489161 0.108611 0.22645 0.0520337 -0.989605 0.464815 
0.000976562 0.326187 2.57791 -2.13772 -0.218011 -0.190504 -0.0194724 
0.000976562 -0.0469744 -0.57123 -0.368275 0.351579 -0.232233 0.224046 
0.000976562 0.584977 -0.297831 -0.393265 -0.400245 0.686774 0.233857 
0.000976562 -0.695297 1.66296 1.49081 0.103473 0.337152 -0.180087 
0.000976562 0.379214 0.606512 0.636343 0.319053 0.267539 -0.307738 
0.000976562 0.20197 0.213731 -0.495661 0.150668 0.162042 0.205361 
0.000976562 0.208743 -0.888494 -0.126193 -0.727801 -0.0188039 0.33961 
0.000976562 -0.808331 0.197777 -1.48269 0.358418 0.341738 0.089255 
0.000976562 0.245204 0.126064 -0.605272 -0.379976 -0.299161 -0.153087 
0.000976562 -0.91243 0.393434 -0.624351 0.0603704 0.131505 -0.125439 
0.000976562 -1.89738 -0.2538 -0.670652 -0.132842 0.0713261 0.0427999 
0.000976562 0.106011 0.267579 0.264376 0.492168 0.0844749 0.25019 
0.000976562 0.200127 -0.00629572 -0.321517 0.0387034 0.280876 0.582953 
0.000976562 0.762656 -0.411228 -0.251733 0.0451367 -0.0811314 -0.535817 
0.000976562 -0.258308 -0.456286 0.257202 -0.791562 -0.406095 -0.691884 
0.000976562 0.0458733 0.419826 0.551193 0.277909 0.0139498 -0.306571 
0.000976562 -1.50586 -0.226089 0.459748 -0.291544 0.292548 -0.118875 
0.000976562 -1.69334 0.534467 -1.53447 0.238384 0.206155 0.131467 
0.000976562 -0.678081 0.256167 0.820348 -0.469015 0.763834 0.346476 
0.000976562 -1.58787 0.230147 -1.03363 0.0900739 0.422886 0.00738851 
0.000976562 -0.371688 0.17946 -0.265706 0.0156554 -0.887831 -0.0916154 
0.000976562 0.250757 1.18976 -0.92485 -0.0486843 0.428618 0.567916 
0.000976562 -0.508943 -0.222246 0.0365877 0.361616 0.422103 -0.246253 
0.000976562 -0.110737 0.0247235 0.219198 -0.727566 -0.659209 -0.229772 
0.000976562 -1.09865 -1.34392 0.258446 0.119148 0.445322 -0.230148 
0.000976562 1.17918 -0.371994 1.35485 0.226926 -0.17227 0.248924 
0.000976562 0.387444 -0.369915 0.975776 0.105291 0.529245 0.602044 
0.000976562 0.227608 -1.5818 -0.621734 0.219602 -0.441082 -0.760128 
0.000976562 -0.338837 0.197613 0.285836 -0.660909 -0.0386823 0.195101 
0.000976562 -0.447295 0.0478424 0.0131872 -0.234807 -1.02031 -0.504532 
0.000976562 -0.378121 0.40334 0.162284 0.141795 0.473842 -0.41814 
0.000976562 0.520004 0.319926 0.217495 -0.280931 0.375672 0.129023 
0.000976562 -0.270494 -0.288479 0.133909 -0.0115619 0.330456 -0.101227 
0.000976562 0.860512 0.950162 -0.853526 0.353721 0.153133 -0.396265 
0.000976562 0.352533 0.0414436 -0.24089 0.109746 0.479576 -0.277716 
0.000976562 -0.44571 0.115538 0.375388 -0.335172 -0.0630513 -0.710786 
0.000976562 -0.389923 -0.949657 0.609838 0.608106 -0.418642 0.480702 
0.000976562 -0.43065 0.157122 0.81542 0.367876 -0.372123 -0.554024 
0.000976562 -0.600184 -0.958928 -0.96125 -0.223352 -0.332783 0.219739 
0.000976562 -0.54252 0.034792 -0.563071 -0.253735 -0.0111911 0.168193 
0.000976562 0.602369 -0.235266 0.457756 -0.15041 -0.352357 0.326789 
0.000976562 -0.266573 0.0799571 -0.29387 1.08076 -0.00922832 -0.363902 
0.000976562 -0.345583 -0.153361 -0.161558 0.33141 -0.00316057 0.626871 
0.000976562 0.14109 0.309173 -0.524421 0.325107 -0.720438 -0.114782 
0.000976562 -0.0739825 0.541079 -0.127415 0.51679 -0.931804 0.0468518 
0.000976562 0.642927 -0.535452 -0.562186 0.522934 -0.442755 0.360221 
0.000976562 0.161469 0.506312 1.29432 0.231462 -0.00416895 0.212776 
0.000976562 -0.00489327 0.0733416 0.175367 -0.308517 -0.441014 0.060627 
0.000976562 -4.84854 0.345617 -4.07007 0.0477285 0.116803 -0.322119 
0.000976562 0.00151616 2.04416 0.770906 0.276458 0.207711 -0.106886 
0.000976562 -1.23039 -2.42569 -2.23521 0.105262 -0.0033339 0.0229586 
0.000976562 -0.0348697 -0.435108 0.495359 -0.281348 0.00324349 -0.422 
0.000976562 0.524679 0.779751 -0.666035 0.211774 -0.155526 -0.511661 
0.000976562 1.36087 -0.531458 -0.475388 0.00190755 -0.663256 -0.256384 
0.000976562 0.888281 -0.298647 0.651339 -0.165934 0.255894 -0.224994 
0.000976562 0.306405 0.0134963 0.156108 0.254194 0.111277 -0.290026 
0.000976562 -0.124115 -0.453481 -0.62578 -0.071474 -0.873202 -0.287875 
0.000976562 1.0629 -1.05922 0.0990487 0.655511 -0.67534 0.169253 
0.000976562 -0.373075 -0.0150173 0.095139 0.489556 -0.303118 0.241865 
0.000976562 0.102387 1.45254 -0.660532 -0.142067 -0.154427 0.104277 
0.000976562 0.252969 0.127132 0.278598 0.342213 0.629216 0.254028 
0.000976562 -0.053214 0.134586 -0.211136 -0.0395396 -0.778757 -0.231931 
0.000976562 3.09145 14.006 4.16919 -0.0993278 0.0225923 -0.247989 
0.000976562 -0.109958 -0.391788 0.70261 0.766491 0.764232 -0.194471 
