    0.011  -0.001      1.1697
    0.011   0.001      1.1433
    0.010   0.003      1.0950
    0.009   0.004      1.0323
    0.008   0.006      0.9646
    0.006   0.007      0.9023
    0.004   0.008      0.8549
    0.002   0.008      0.8296
   -0.000   0.009      0.8302
   -0.003   0.009      0.8567
   -0.005   0.008      0.9050
   -0.007   0.007      0.9678
   -0.008   0.006      1.0354
   -0.010   0.005      1.0977
   -0.011   0.004      1.1451
   -0.011   0.002      1.1704
   -0.011   0.001      1.1697
   -0.011  -0.001      1.1433
   -0.010  -0.003      1.0950
   -0.009  -0.004      1.0323
   -0.008  -0.006      0.9646
   -0.006  -0.007      0.9023
   -0.004  -0.008      0.8549
   -0.002  -0.008      0.8296
    0.000  -0.009      0.8302
    0.003  -0.009      0.8567
    0.005  -0.008      0.9050
    0.007  -0.007      0.9678
    0.008  -0.006      1.0354
    0.010  -0.005      1.0977
    0.011  -0.004      1.1451
    0.011  -0.002      1.1704
    0.500  -0.007      0.9561
    0.489   0.095      0.9427
    0.459   0.193      0.9380
    0.412   0.284      0.9427
    0.348   0.364      0.9562
    0.271   0.429      0.9762
    0.184   0.478      0.9999
    0.090   0.509      1.0235
   -0.007   0.520      1.0436
   -0.104   0.511      1.0572
   -0.197   0.483      1.0620
   -0.282   0.437      1.0574
   -0.357   0.373      1.0441
   -0.418   0.295      1.0240
   -0.464   0.206      1.0002
   -0.491   0.109      0.9763
   -0.500   0.007      0.9561
   -0.489  -0.095      0.9427
   -0.459  -0.193      0.9380
   -0.412  -0.284      0.9427
   -0.348  -0.364      0.9562
   -0.271  -0.429      0.9762
   -0.184  -0.478      0.9999
   -0.090  -0.509      1.0235
    0.007  -0.520      1.0436
    0.104  -0.511      1.0572
    0.197  -0.483      1.0620
    0.282  -0.437      1.0574
    0.357  -0.373      1.0441
    0.418  -0.295      1.0240
    0.464  -0.206      1.0002
    0.491  -0.109      0.9763
    0.990  -0.008      1.0161
    0.970   0.195      0.9984
    0.911   0.390      0.9810
    0.818   0.569      0.9666
    0.692   0.727      0.9571
    0.540   0.855      0.9539
    0.369   0.950      0.9578
    0.183   1.009      0.9680
   -0.008   1.030      0.9832
   -0.199   1.012      1.0011
   -0.383   0.955      1.0189
   -0.552   0.862      1.0338
   -0.701   0.736      1.0436
   -0.824   0.581      1.0465
   -0.915   0.404      1.0423
   -0.972   0.210      1.0316
   -0.990   0.008      1.0161
   -0.970  -0.195      0.9984
   -0.911  -0.390      0.9810
   -0.818  -0.569      0.9666
   -0.692  -0.727      0.9571
   -0.540  -0.855      0.9539
   -0.369  -0.950      0.9578
   -0.183  -1.009      0.9680
    0.008  -1.030      0.9832
    0.199  -1.012      1.0011
    0.383  -0.955      1.0189
    0.552  -0.862      1.0338
    0.701  -0.736      1.0436
    0.824  -0.581      1.0465
    0.915  -0.404      1.0423
    0.972  -0.210      1.0316
    1.443  -0.041      1.1689
    1.409   0.273      1.1627
    1.319   0.575      1.1320
    1.175   0.855      1.0811
    0.985   1.099      1.0176
    0.758   1.299      0.9513
    0.503   1.447      0.8922
    0.232   1.540      0.8496
   -0.044   1.575      0.8300
   -0.317   1.552      0.8365
   -0.578   1.472      0.8680
   -0.819   1.336      0.9196
   -1.031   1.150      0.9834
   -1.207   0.918      1.0495
   -1.339   0.649      1.1078
   -1.419   0.352      1.1497
   -1.443   0.041      1.1689
   -1.409  -0.273      1.1627
   -1.319  -0.575      1.1320
   -1.175  -0.855      1.0811
   -0.985  -1.099      1.0176
   -0.758  -1.299      0.9513
   -0.503  -1.447      0.8922
   -0.232  -1.540      0.8496
    0.044  -1.575      0.8300
    0.317  -1.552      0.8365
    0.578  -1.472      0.8680
    0.819  -1.336      0.9196
    1.031  -1.150      0.9834
    1.207  -0.918      1.0495
    1.339  -0.649      1.1078
    1.419  -0.352      1.1497
    1.844  -0.175      1.1350
    1.787   0.264      1.2853
    1.653   0.691      1.3922
    1.448   1.087      1.4392
    1.180   1.437      1.4191
    0.862   1.727      1.3351
    0.512   1.947      1.2001
    0.151   2.091      1.0349
   -0.204   2.156      0.8644
   -0.540   2.145      0.7145
   -0.849   2.060      0.6081
   -1.128   1.902      0.5615
   -1.373   1.671      0.5815
   -1.578   1.373      0.6651
   -1.732   1.013      0.7996
   -1.824   0.608      0.9645
   -1.844   0.175      1.1350
   -1.787  -0.264      1.2853
   -1.653  -0.691      1.3922
   -1.448  -1.087      1.4392
   -1.180  -1.437      1.4191
   -0.862  -1.727      1.3351
   -0.512  -1.947      1.2001
   -0.151  -2.091      1.0349
    0.204  -2.156      0.8644
    0.540  -2.145      0.7145
    0.849  -2.060      0.6081
    1.128  -1.902      0.5615
    1.373  -1.671      0.5815
    1.578  -1.373      0.6651
    1.732  -1.013      0.7996
    1.824  -0.608      0.9645
    2.259  -0.523      0.6068
    2.160   0.051      0.8333
    1.965   0.609      1.0845
    1.680   1.126      1.3222
    1.313   1.589      1.5109
    0.874   1.982      1.6224
    0.384   2.291      1.6399
   -0.123   2.505      1.5604
   -0.607   2.625      1.3952
   -1.035   2.660      1.1693
   -1.388   2.616      0.9171
   -1.669   2.495      0.6774
   -1.890   2.286      0.4870
   -2.064   1.979      0.3750
   -2.193   1.572      0.3585
   -2.265   1.077      0.4400
   -2.259   0.523      0.6068
   -2.160  -0.051      0.8333
   -1.965  -0.609      1.0845
   -1.680  -1.126      1.3222
   -1.313  -1.589      1.5109
   -0.874  -1.982      1.6224
   -0.384  -2.291      1.6399
    0.123  -2.505      1.5604
    0.607  -2.625      1.3952
    1.035  -2.660      1.1693
    1.388  -2.616      0.9171
    1.669  -2.495      0.6774
    1.890  -2.286      0.4870
    2.064  -1.979      0.3750
    2.193  -1.572      0.3585
    2.265  -1.077      0.4400
    2.809  -1.016      0.4914
    2.659  -0.318      0.6144
    2.393   0.376      0.7947
    2.016   1.013      1.0048
    1.546   1.569      1.2141
    0.990   2.041      1.3922
    0.354   2.418      1.5124
   -0.336   2.685      1.5554
   -1.023   2.838      1.5133
   -1.641   2.897      1.3915
   -2.134   2.894      1.2090
   -2.481   2.843      0.9945
   -2.693   2.729      0.7812
   -2.806   2.511      0.6019
   -2.858   2.154      0.4839
   -2.864   1.647      0.4453
   -2.809   1.016      0.4914
   -2.659   0.318      0.6144
   -2.393  -0.376      0.7947
   -2.016  -1.013      1.0048
   -1.546  -1.569      1.2141
   -0.990  -2.041      1.3922
   -0.354  -2.418      1.5124
    0.336  -2.685      1.5554
    1.023  -2.838      1.5133
    1.641  -2.897      1.3915
    2.134  -2.894      1.2090
    2.481  -2.843      0.9945
    2.693  -2.729      0.7812
    2.806  -2.511      0.6019
    2.858  -2.154      0.4839
    2.864  -1.647      0.4453
    3.426  -1.486      0.5683
    3.225  -0.690      0.6104
    2.898   0.140      0.7106
    2.434   0.908      0.8523
    1.858   1.562      1.0150
    1.192   2.100      1.1763
    0.435   2.526      1.3131
   -0.409   2.827      1.4039
   -1.289   2.986      1.4328
   -2.115   3.028      1.3944
   -2.797   3.015      1.2950
   -3.278   2.997      1.1509
   -3.546   2.970      0.9839
   -3.637   2.870      0.8190
   -3.617   2.614      0.6813
   -3.543   2.150      0.5929
   -3.426   1.486      0.5683
   -3.225   0.690      0.6104
   -2.898  -0.140      0.7106
   -2.434  -0.908      0.8523
   -1.858  -1.562      1.0150
   -1.192  -2.100      1.1763
   -0.435  -2.526      1.3131
    0.409  -2.827      1.4039
    1.289  -2.986      1.4328
    2.115  -3.028      1.3944
    2.797  -3.015      1.2950
    3.278  -2.997      1.1509
    3.546  -2.970      0.9839
    3.637  -2.870      0.8190
    3.617  -2.614      0.6813
    3.543  -2.150      0.5929
    4.096  -1.865      0.4821
    3.849  -1.003      0.3157
    3.470  -0.058      0.2542
    2.929   0.841      0.3018
    2.247   1.604      0.4506
    1.464   2.211      0.6817
    0.590   2.676      0.9637
   -0.383   2.999      1.2542
   -1.425   3.156      1.5070
   -2.441   3.163      1.6820
   -3.315   3.100      1.7534
   -3.960   3.062      1.7113
   -4.336   3.077      1.5603
   -4.462   3.072      1.3206
   -4.410   2.921      1.0287
   -4.273   2.525      0.7327
   -4.096   1.865      0.4821
   -3.849   1.003      0.3157
   -3.470   0.058      0.2542
   -2.929  -0.841      0.3018
   -2.247  -1.604      0.4506
   -1.464  -2.211      0.6817
   -0.590  -2.676      0.9637
    0.383  -2.999      1.2542
    1.425  -3.156      1.5070
    2.441  -3.163      1.6820
    3.315  -3.100      1.7534
    3.960  -3.062      1.7113
    4.336  -3.077      1.5602
    4.462  -3.072      1.3206
    4.410  -2.921      1.0287
    4.273  -2.525      0.7327
    4.911  -1.965      0.8053
    4.624  -1.108      0.5742
    4.200  -0.118      0.4115
    3.594   0.868      0.3322
    2.811   1.729      0.3452
    1.903   2.408      0.4531
    0.907   2.907      0.6462
   -0.176   3.239      0.8971
   -1.338   3.390      1.1661
   -2.507   3.358      1.4113
   -3.565   3.214      1.5966
   -4.404   3.075      1.6937
   -4.959   3.019      1.6834
   -5.221   3.008      1.5614
   -5.241   2.907      1.3457
   -5.115   2.579      1.0769
   -4.911   1.965      0.8053
   -4.624   1.108      0.5742
   -4.200   0.118      0.4115
   -3.594  -0.868      0.3322
   -2.811  -1.729      0.3452
   -1.903  -2.408      0.4531
   -0.907  -2.907      0.6462
    0.176  -3.239      0.8971
    1.338  -3.390      1.1662
    2.507  -3.358      1.4113
    3.565  -3.214      1.5966
    4.404  -3.075      1.6937
    4.959  -3.019      1.6834
    5.221  -3.008      1.5614
    5.241  -2.907      1.3457
    5.115  -2.579      1.0769
    5.659  -1.904      0.9998
    5.364  -1.035      0.7178
    4.912  -0.016      0.4848
    4.256   1.025      0.3206
    3.392   1.962      0.2446
    2.369   2.710      0.2754
    1.244   3.248      0.4187
    0.043   3.589      0.6565
   -1.227   3.732      0.9510
   -2.514   3.673      1.2562
   -3.711   3.467      1.5277
   -4.702   3.234      1.7231
   -5.407   3.078      1.8047
   -5.799   2.995      1.7505
   -5.916   2.861      1.5688
   -5.846   2.522      1.2998
   -5.659   1.904      0.9998
   -5.364   1.035      0.7178
   -4.912   0.016      0.4848
   -4.256  -1.025      0.3206
   -3.392  -1.962      0.2446
   -2.369  -2.710      0.2754
   -1.244  -3.248      0.4187
   -0.043  -3.589      0.6565
    1.227  -3.732      0.9510
    2.514  -3.673      1.2562
    3.711  -3.467      1.5277
    4.702  -3.234      1.7231
    5.407  -3.078      1.8047
    5.799  -2.995      1.7505
    5.916  -2.861      1.5688
    5.846  -2.522      1.2998
    6.349  -1.719      1.1214
    6.066  -0.813      0.8709
    5.602   0.233      0.6469
    4.912   1.304      0.4598
    3.986   2.287      0.3313
    2.864   3.088      0.2940
    1.618   3.663      0.3696
    0.297   4.013      0.5515
   -1.078   4.146      0.8079
   -2.467   4.063      1.0974
   -3.781   3.807      1.3789
   -4.903   3.486      1.6086
   -5.743   3.218      1.7395
   -6.261   3.025      1.7378
   -6.485   2.800      1.6046
   -6.492   2.391      1.3801
   -6.349   1.719      1.1214
   -6.066   0.813      0.8709
   -5.602  -0.233      0.6469
   -4.912  -1.304      0.4598
   -3.986  -2.287      0.3313
   -2.864  -3.088      0.2940
   -1.618  -3.663      0.3696
   -0.297  -4.013      0.5515
    1.078  -4.146      0.8079
    2.467  -4.063      1.0974
    3.781  -3.807      1.3789
    4.903  -3.486      1.6086
    5.743  -3.218      1.7395
    6.261  -3.025      1.7378
    6.485  -2.800      1.6046
    6.492  -2.391      1.3801
    6.967  -1.544      1.1396
    6.701  -0.566      0.9600
    6.232   0.529      0.7976
    5.517   1.635      0.6419
    4.542   2.655      0.5062
    3.338   3.500      0.4300
    1.979   4.108      0.4492
    0.539   4.468      0.5680
   -0.946   4.588      0.7613
   -2.438   4.480      0.9951
   -3.861   4.179      1.2381
   -5.102   3.785      1.4534
   -6.059   3.422      1.5929
   -6.683   3.128      1.6148
   -6.994   2.807      1.5152
   -7.067   2.304      1.3367
   -6.967   1.544      1.1396
   -6.701   0.566      0.9600
   -6.232  -0.529      0.7976
   -5.517  -1.635      0.6419
   -4.542  -2.655      0.5062
   -3.338  -3.500      0.4300
   -1.979  -4.108      0.4491
   -0.539  -4.468      0.5680
    0.946  -4.588      0.7613
    2.438  -4.480      0.9951
    3.861  -4.179      1.2381
    5.102  -3.785      1.4534
    6.059  -3.422      1.5929
    6.683  -3.128      1.6148
    6.994  -2.807      1.5152
    7.067  -2.304      1.3367
    7.545  -1.446      1.0914
    7.289  -0.376      0.9661
    6.813   0.791      0.8654
    6.076   1.949      0.7590
    5.056   3.014      0.6463
    3.776   3.904      0.5646
    2.311   4.548      0.5560
    0.748   4.919      0.6325
   -0.854   5.026      0.7752
   -2.457   4.886      0.9584
   -3.992   4.538      1.1613
   -5.347   4.080      1.3541
   -6.411   3.642      1.4871
   -7.123   3.276      1.5109
   -7.500   2.883      1.4174
   -7.618   2.299      1.2544
   -7.545   1.446      1.0914
   -7.289   0.376      0.9661
   -6.813  -0.791      0.8654
   -6.076  -1.949      0.7590
   -5.056  -3.014      0.6463
   -3.776  -3.904      0.5646
   -2.311  -4.548      0.5560
   -0.748  -4.919      0.6325
    0.854  -5.026      0.7752
    2.457  -4.886      0.9584
    3.992  -4.538      1.1613
    5.347  -4.080      1.3541
    6.411  -3.642      1.4871
    7.123  -3.276      1.5109
    7.500  -2.883      1.4174
    7.618  -2.299      1.2544
    8.122  -1.398      0.9976
    7.869  -0.237      0.8986
    7.384   1.010      0.8417
    6.623   2.230      0.7840
    5.559   3.346      0.7124
    4.205   4.284      0.6571
    2.633   4.967      0.6574
    0.947   5.353      0.7249
   -0.781   5.447      0.8435
   -2.504   5.272      0.9945
   -4.158   4.870      1.1661
   -5.630   4.343      1.3338
   -6.800   3.837      1.4464
   -7.595   3.416      1.4498
   -8.027   2.977      1.3349
   -8.178   2.334      1.1573
   -8.122   1.398      0.9976
   -7.869   0.237      0.8986
   -7.384  -1.010      0.8417
   -6.623  -2.230      0.7840
   -5.559  -3.346      0.7124
   -4.205  -4.284      0.6571
   -2.633  -4.967      0.6574
   -0.947  -5.353      0.7249
    0.781  -5.447      0.8435
    2.504  -5.272      0.9945
    4.158  -4.870      1.1661
    5.630  -4.343      1.3338
    6.800  -3.837      1.4465
    7.595  -3.416      1.4498
    8.027  -2.977      1.3349
    8.178  -2.334      1.1573
    8.715  -1.326      1.1184
    8.462  -0.082      0.9485
    7.967   1.238      0.8112
    7.184   2.512      0.6668
    6.081   3.671      0.5151
    4.659   4.653      0.4060
    2.988   5.375      0.3955
    1.180   5.779      0.5004
   -0.675   5.862      0.6969
   -2.522   5.648      0.9507
   -4.301   5.185      1.2311
   -5.900   4.579      1.4938
   -7.188   3.990      1.6697
   -8.078   3.507      1.6947
   -8.573   3.025      1.5622
   -8.757   2.333      1.3391
   -8.715   1.326      1.1184
   -8.462   0.082      0.9485
   -7.967  -1.238      0.8112
   -7.184  -2.512      0.6668
   -6.081  -3.671      0.5151
   -4.659  -4.653      0.4060
   -2.988  -5.375      0.3955
   -1.180  -5.779      0.5004
    0.675  -5.862      0.6969
    2.522  -5.648      0.9507
    4.301  -5.185      1.2311
    5.900  -4.579      1.4938
    7.188  -3.990      1.6697
    8.078  -3.507      1.6947
    8.573  -3.025      1.5622
    8.757  -2.333      1.3390
    9.296  -1.098      1.0319
    9.040   0.245      0.9185
    8.529   1.638      0.8591
    7.731   2.947      0.7791
    6.607   4.118      0.6534
    5.149   5.109      0.5299
    3.414   5.847      0.4780
    1.515   6.262      0.5313
   -0.444   6.335      0.6807
   -2.400   6.088      0.9042
   -4.295   5.568      1.1774
   -6.028   4.874      1.4500
   -7.458   4.170      1.6339
   -8.477   3.571      1.6474
   -9.072   2.990      1.4854
   -9.315   2.205      1.2396
   -9.296   1.098      1.0319
   -9.040  -0.245      0.9185
   -8.529  -1.638      0.8591
   -7.731  -2.947      0.7791
   -6.607  -4.118      0.6534
   -5.149  -5.109      0.5299
   -3.414  -5.847      0.4780
   -1.515  -6.262      0.5313
    0.444  -6.335      0.6807
    2.400  -6.088      0.9042
    4.295  -5.568      1.1774
    6.028  -4.874      1.4500
    7.458  -4.170      1.6339
    8.477  -3.571      1.6474
    9.072  -2.990      1.4854
    9.315  -2.205      1.2396
    9.909  -0.892      0.9121
    9.634   0.524      0.8391
    9.089   1.984      0.8638
    8.256   3.339      0.8633
    7.102   4.537      0.7747
    5.609   5.552      0.6369
    3.820   6.315      0.5349
    1.843   6.749      0.5273
   -0.212   6.818      0.6297
   -2.272   6.535      0.8400
   -4.278   5.947      1.1406
   -6.140   5.151      1.4637
   -7.717   4.315      1.6835
   -8.885   3.587      1.6841
   -9.598   2.911      1.4608
   -9.911   2.063      1.1457
   -9.909   0.892      0.9121
   -9.634  -0.524      0.8391
   -9.089  -1.984      0.8638
   -8.256  -3.339      0.8633
   -7.102  -4.537      0.7747
   -5.609  -5.552      0.6369
   -3.820  -6.315      0.5349
   -1.842  -6.749      0.5273
    0.212  -6.818      0.6297
    2.272  -6.535      0.8400
    4.278  -5.947      1.1406
    6.140  -5.151      1.4637
    7.717  -4.315      1.6835
    8.885  -3.587      1.6841
    9.598  -2.911      1.4608
    9.911  -2.063      1.1456
   10.586  -0.668      0.5498
   10.282   0.766      0.5329
    9.680   2.263      0.6884
    8.787   3.662      0.8501
    7.581   4.905      0.9067
    6.043   5.965      0.8666
    4.206   6.776      0.8081
    2.164   7.247      0.7986
    0.027   7.324      0.8686
   -2.125   7.004      1.0306
   -4.229   6.334      1.2759
   -6.208   5.413      1.5359
   -7.934   4.413      1.6749
   -9.274   3.517      1.5699
  -10.147   2.731      1.2276
  -10.561   1.845      0.8154
  -10.586   0.668      0.5498
  -10.282  -0.766      0.5329
   -9.679  -2.263      0.6884
   -8.787  -3.662      0.8501
   -7.581  -4.905      0.9067
   -6.043  -5.965      0.8666
   -4.206  -6.776      0.8081
   -2.164  -7.247      0.7986
   -0.027  -7.324      0.8686
    2.125  -7.004      1.0306
    4.229  -6.334      1.2759
    6.208  -5.413      1.5359
    7.934  -4.413      1.6749
    9.274  -3.517      1.5699
   10.147  -2.731      1.2276
   10.561  -1.845      0.8154
   11.347  -0.386      1.1041
   11.022   0.977      0.8815
   10.351   2.446      0.9100
    9.372   3.864      0.9966
    8.084   5.162      0.9559
    6.473   6.298      0.7304
    4.572   7.192      0.3858
    2.465   7.733      0.0535
    0.253   7.841     -0.1081
   -1.982   7.491      0.0499
   -4.171   6.725      0.5828
   -6.245   5.653      1.3548
   -8.109   4.451      2.0481
   -9.634   3.336      2.3382
  -10.703   2.403      2.1213
  -11.264   1.498      1.5951
  -11.347   0.386      1.1041
  -11.022  -0.977      0.8815
  -10.351  -2.446      0.9100
   -9.372  -3.864      0.9966
   -8.084  -5.162      0.9559
   -6.473  -6.298      0.7304
   -4.572  -7.192      0.3858
   -2.465  -7.733      0.0535
   -0.253  -7.841     -0.1081
    1.982  -7.491      0.0499
    4.171  -6.725      0.5828
    6.245  -5.653      1.3548
    8.109  -4.451      2.0481
    9.634  -3.336      2.3382
   10.703  -2.403      2.1213
   11.264  -1.497      1.5951
   11.973   0.180      0.7781
   11.670   1.541      0.5163
   10.919   2.981      0.5539
    9.811   4.386      0.7494
    8.394   5.698      0.9270
    6.691   6.872      1.0039
    4.753   7.823      0.9802
    2.658   8.435      0.8736
    0.485   8.605      0.7199
   -1.709   8.277      0.6228
   -3.875   7.469      0.7307
   -5.960   6.291      1.0997
   -7.905   4.903      1.5750
   -9.612   3.490      1.8569
  -10.933   2.207      1.7352
  -11.739   1.037      1.2773
  -11.973  -0.180      0.7781
  -11.670  -1.541      0.5163
  -10.919  -2.981      0.5539
   -9.811  -4.386      0.7494
   -8.394  -5.698      0.9270
   -6.691  -6.872      1.0039
   -4.753  -7.823      0.9802
   -2.658  -8.435      0.8736
   -0.485  -8.605      0.7199
    1.710  -8.277      0.6228
    3.875  -7.469      0.7307
    5.960  -6.291      1.0997
    7.905  -4.903      1.5750
    9.612  -3.490      1.8569
   10.933  -2.207      1.7352
   11.739  -1.037      1.2773
   12.681   0.746      0.7947
   12.473   1.968      0.4359
   11.720   3.240      0.4004
   10.535   4.544      0.5764
    9.000   5.847      0.7818
    7.164   7.084      0.9345
    5.090   8.132      1.0426
    2.870   8.848      1.0935
    0.597   9.105      1.0357
   -1.669   8.820      0.8898
   -3.885   7.983      0.8156
   -6.003   6.690      0.9891
   -7.984   5.110      1.3878
   -9.776   3.435      1.7398
  -11.257   1.857      1.7415
  -12.267   0.485      1.3410
  -12.681  -0.746      0.7947
  -12.473  -1.968      0.4359
  -11.720  -3.240      0.4004
  -10.535  -4.544      0.5764
   -9.000  -5.847      0.7818
   -7.164  -7.084      0.9345
   -5.090  -8.132      1.0426
   -2.870  -8.848      1.0935
   -0.597  -9.105      1.0357
    1.669  -8.820      0.8898
    3.885  -7.983      0.8156
    6.003  -6.690      0.9891
    7.984  -5.110      1.3878
    9.776  -3.435      1.7398
   11.257  -1.857      1.7415
   12.267  -0.485      1.3410
   13.329   1.447      1.0743
   13.293   2.507      0.5599
   12.609   3.531      0.3498
   11.391   4.656      0.4130
    9.759   5.906      0.5771
    7.792   7.189      0.7497
    5.561   8.328      0.9457
    3.172   9.139      1.1404
    0.734   9.480      1.2058
   -1.673   9.256      1.0570
   -3.992   8.423      0.8282
   -6.164   7.043      0.8078
   -8.154   5.285      1.1429
   -9.956   3.354      1.6334
  -11.518   1.468      1.8762
  -12.699  -0.160      1.6388
  -13.329  -1.447      1.0743
  -13.293  -2.507      0.5599
  -12.609  -3.531      0.3498
  -11.391  -4.656      0.4130
   -9.759  -5.906      0.5770
   -7.792  -7.189      0.7497
   -5.561  -8.328      0.9457
   -3.172  -9.139      1.1404
   -0.734  -9.480      1.2058
    1.673  -9.256      1.0570
    3.992  -8.423      0.8282
    6.164  -7.043      0.8078
    8.154  -5.285      1.1429
    9.956  -3.354      1.6334
   11.518  -1.468      1.8762
   12.699   0.160      1.6388
   13.799   2.256      1.3668
   14.011   3.240      0.7342
   13.495   4.001      0.3067
   12.314   4.874      0.2035
   10.618   6.004      0.3197
    8.530   7.287      0.5344
    6.144   8.484      0.8193
    3.572   9.363      1.1403
    0.936   9.773      1.3521
   -1.665   9.617      1.2958
   -4.145   8.824      1.0169
   -6.406   7.408      0.8098
   -8.393   5.514      0.9614
  -10.137   3.364      1.4355
  -11.681   1.179      1.8572
  -12.958  -0.777      1.8464
  -13.799  -2.256      1.3668
  -14.011  -3.240      0.7342
  -13.495  -4.001      0.3067
  -12.314  -4.874      0.2035
  -10.618  -6.004      0.3197
   -8.530  -7.287      0.5344
   -6.144  -8.484      0.8193
   -3.572  -9.363      1.1403
   -0.936  -9.773      1.3521
    1.665  -9.617      1.2958
    4.145  -8.824      1.0169
    6.406  -7.408      0.8098
    8.393  -5.514      0.9614
   10.137  -3.363      1.4355
   11.681  -1.179      1.8572
   12.958   0.777      1.8464
   14.051   3.046      2.1094
   14.527   4.115      1.5883
   14.290   4.685      0.7589
   13.259   5.269      0.1349
   11.552   6.208      0.0110
    9.349   7.435      0.2804
    6.807   8.648      0.6392
    4.063   9.565      0.8954
    1.237  10.022      1.0463
   -1.579   9.920      1.1257
   -4.274   9.168      1.0952
   -6.692   7.740      0.9447
   -8.720   5.759      0.8332
  -10.394   3.448      1.0056
  -11.836   1.023      1.5068
  -13.087  -1.260      2.0251
  -14.051  -3.046      2.1094
  -14.527  -4.115      1.5883
  -14.290  -4.685      0.7589
  -13.259  -5.269      0.1349
  -11.552  -6.208      0.0110
   -9.349  -7.435      0.2804
   -6.807  -8.648      0.6392
   -4.063  -9.565      0.8954
   -1.237 -10.022      1.0463
    1.579  -9.920      1.1258
    4.274  -9.168      1.0952
    6.692  -7.740      0.9447
    8.720  -5.759      0.8332
   10.394  -3.448      1.0056
   11.836  -1.023      1.5068
   13.087   1.260      2.0251
   14.061   3.484      2.4068
   14.668   4.936      2.0626
   14.742   5.643      1.3125
   13.988   6.093      0.6501
   12.354   6.818      0.3189
   10.048   7.891      0.2336
    7.361   9.022      0.2572
    4.503   9.915      0.4090
    1.567  10.385      0.7397
   -1.399  10.298      1.0983
   -4.282   9.551      1.1826
   -6.886   8.131      0.8892
   -9.046   6.154      0.5345
  -10.742   3.800      0.6056
  -12.080   1.245      1.2477
  -13.173  -1.299      2.0517
  -14.061  -3.484      2.4068
  -14.668  -4.936      2.0626
  -14.742  -5.643      1.3125
  -13.988  -6.093      0.6501
  -12.354  -6.818      0.3189
  -10.048  -7.891      0.2336
   -7.361  -9.022      0.2572
   -4.503  -9.915      0.4090
   -1.567 -10.385      0.7397
    1.399 -10.298      1.0983
    4.282  -9.551      1.1826
    6.886  -8.131      0.8892
    9.046  -6.154      0.5345
   10.742  -3.800      0.6056
   12.080  -1.245      1.2477
   13.173   1.299      2.0517
   14.100   3.350      2.0213
   14.671   5.329      2.6202
   14.832   6.548      2.4712
   14.256   7.205      1.5439
   12.764   7.830      0.4780
   10.494   8.721     -0.0210
    7.742   9.725      0.1636
    4.772  10.528      0.5562
    1.743  10.900      0.6830
   -1.272  10.744      0.5462
   -4.223  10.018      0.4740
   -6.991   8.680      0.6264
   -9.354   6.748      0.8177
  -11.140   4.375      0.8546
  -12.398   1.777      0.8912
  -13.334  -0.868      1.2735
  -14.100  -3.350      2.0213
  -14.671  -5.329      2.6202
  -14.832  -6.548      2.4712
  -14.256  -7.205      1.5439
  -12.764  -7.830      0.4780
  -10.494  -8.721     -0.0210
   -7.742  -9.725      0.1636
   -4.772 -10.528      0.5562
   -1.743 -10.900      0.6830
    1.272 -10.744      0.5462
    4.223 -10.018      0.4740
    6.991  -8.680      0.6264
    9.354  -6.748      0.8177
   11.140  -4.375      0.8546
   12.398  -1.777      0.8912
   13.334   0.868      1.2735
   14.343   2.727      1.8063
   14.632   5.124      2.5688
   14.596   6.977      2.8044
   14.055   8.238      2.2707
   12.733   9.159      1.3137
   10.542  10.002      0.5383
    7.727  10.759      0.2522
    4.687  11.301      0.2793
    1.663  11.552      0.2892
   -1.323  11.422      0.2000
   -4.276  10.746      0.1873
   -7.066   9.413      0.3631
   -9.483   7.489      0.5909
  -11.390   5.166      0.6930
  -12.786   2.614      0.7561
  -13.745  -0.062      1.0869
  -14.343  -2.727      1.8063
  -14.632  -5.124      2.5688
  -14.596  -6.977      2.8044
  -14.055  -8.238      2.2707
  -12.733  -9.159      1.3137
  -10.542 -10.002      0.5383
   -7.727 -10.759      0.2522
   -4.687 -11.301      0.2793
   -1.663 -11.552      0.2892
    1.323 -11.422      0.2000
    4.276 -10.746      0.1873
    7.066  -9.413      0.3631
    9.483  -7.489      0.5909
   11.390  -5.166      0.6930
   12.786  -2.614      0.7561
   13.745   0.062      1.0869
   14.650   1.820      1.5779
   14.716   4.501      2.2149
   14.416   6.896      2.6749
   13.664   8.853      2.6289
   12.248  10.323      2.0337
   10.052  11.348      1.1939
    7.268  11.986      0.5082
    4.274  12.319      0.1607
    1.306  12.429      0.0603
   -1.617  12.246      0.0385
   -4.490  11.564      0.0453
   -7.199  10.260      0.1362
   -9.601   8.408      0.3281
  -11.602   6.167      0.5527
  -13.139   3.656      0.7716
  -14.153   0.956      1.0742
  -14.650  -1.820      1.5779
  -14.716  -4.501      2.2149
  -14.416  -6.896      2.6749
  -13.664  -8.853      2.6289
  -12.248 -10.323      2.0337
  -10.052 -11.348      1.1939
   -7.268 -11.986      0.5082
   -4.273 -12.319      0.1607
   -1.306 -12.429      0.0604
    1.617 -12.246      0.0385
    4.490 -11.564      0.0453
    7.199 -10.260      0.1362
    9.601  -8.408      0.3281
   11.602  -6.167      0.5527
   13.139  -3.656      0.7716
   14.153  -0.956      1.0742
   14.968   0.953      1.4524
   14.899   3.815      1.8890
   14.375   6.542      2.3160
   13.354   8.989      2.4952
   11.709  10.970      2.2330
    9.407  12.339      1.5815
    6.637  13.093      0.8323
    3.703  13.391      0.2909
    0.790  13.408      0.0580
   -2.080  13.137      0.0250
   -4.882  12.411      0.0520
   -7.510  11.119      0.1111
   -9.856   9.321      0.2566
  -11.861   7.138      0.5044
  -13.450   4.649      0.7997
  -14.505   1.915      1.1027
  -14.968  -0.953      1.4524
  -14.899  -3.815      1.8890
  -14.375  -6.542      2.3160
  -13.354  -8.989      2.4952
  -11.709 -10.970      2.2330
   -9.407 -12.339      1.5815
   -6.637 -13.093      0.8323
   -3.703 -13.391      0.2909
   -0.790 -13.408      0.0580
    2.080 -13.137      0.0250
    4.882 -12.411      0.0520
    7.510 -11.119      0.1111
    9.856  -9.321      0.2566
   11.861  -7.138      0.5044
   13.450  -4.649      0.7997
   14.505  -1.915      1.1027
   15.278   0.347      1.3990
   15.119   3.324      1.7149
   14.431   6.216      2.0732
   13.204   8.902      2.3356
   11.375  11.190      2.2798
    8.973  12.878      1.8127
    6.184  13.889      1.1006
    3.252  14.335      0.4579
    0.323  14.376      0.0992
   -2.563  14.046      0.0082
   -5.361  13.253      0.0370
   -7.965  11.927      0.0971
  -10.279  10.116      0.2220
  -12.251   7.917      0.4642
  -13.812   5.392      0.7892
  -14.848   2.602      1.1094
  -15.278  -0.347      1.3990
  -15.119  -3.324      1.7149
  -14.431  -6.216      2.0732
  -13.204  -8.902      2.3356
  -11.375 -11.190      2.2798
   -8.973 -12.878      1.8127
   -6.184 -13.889      1.1006
   -3.252 -14.335      0.4579
   -0.323 -14.376      0.0992
    2.563 -14.046      0.0082
    5.361 -13.253      0.0370
    7.965 -11.927      0.0971
   10.279 -10.116      0.2220
   12.251  -7.917      0.4642
   13.812  -5.392      0.7892
   14.848  -2.602      1.1094
   15.596   0.042      1.3354
   15.348   3.092      1.5695
   14.523   6.047      1.8600
   13.139   8.794      2.1563
   11.207  11.194      2.2484
    8.787  13.095      1.9523
    6.015  14.401      1.3218
    3.057  15.119      0.6417
    0.043  15.301      0.1951
   -2.946  14.971      0.0482
   -5.824  14.108      0.0689
   -8.485  12.705      0.1254
  -10.828  10.812      0.2211
  -12.781   8.510      0.4300
  -14.277   5.875      0.7493
  -15.236   2.989      1.0766
  -15.596  -0.042      1.3354
  -15.348  -3.092      1.5695
  -14.523  -6.047      1.8600
  -13.139  -8.794      2.1563
  -11.207 -11.194      2.2484
   -8.787 -13.095      1.9523
   -6.015 -14.401      1.3218
   -3.057 -15.119      0.6417
   -0.043 -15.301      0.1951
    2.946 -14.971      0.0482
    5.824 -14.108      0.0689
    8.485 -12.705      0.1254
   10.828 -10.812      0.2211
   12.781  -8.510      0.4300
   14.277  -5.875      0.7493
   15.236  -2.989      1.0766
   15.952   0.023      1.2409
   15.602   3.126      1.4029
   14.647   6.086      1.6151
   13.131   8.785      1.9076
   11.148  11.145      2.1121
    8.791  13.130      1.9922
    6.113  14.695      1.4965
    3.160  15.741      0.8486
    0.026  16.157      0.3614
   -3.140  15.888      0.1726
   -6.185  14.965      0.1824
   -8.987  13.457      0.2304
  -11.435  11.429      0.2857
  -13.420   8.952      0.4323
  -14.854   6.132      0.7060
  -15.700   3.100      1.0133
  -15.952  -0.023      1.2409
  -15.602  -3.126      1.4029
  -14.647  -6.086      1.6151
  -13.131  -8.785      1.9077
  -11.148 -11.145      2.1121
   -8.791 -13.130      1.9922
   -6.113 -14.695      1.4965
   -3.160 -15.741      0.8486
   -0.026 -16.157      0.3614
    3.140 -15.888      0.1726
    6.185 -14.965      0.1824
    8.987 -13.457      0.2304
   11.435 -11.429      0.2857
   13.420  -8.952      0.4323
   14.854  -6.132      0.7060
   15.700  -3.100      1.0133
   16.360   0.206      1.1330
   15.903   3.364      1.2341
   14.830   6.322      1.3611
   13.191   8.940      1.6077
   11.161  11.178      1.8733
    8.892  13.131      1.9160
    6.366  14.859      1.5995
    3.479  16.214      1.0578
    0.245  16.906      0.5855
   -3.131  16.751      0.3703
   -6.400  15.793      0.3611
   -9.402  14.175      0.3948
  -12.017  11.990      0.4082
  -14.093   9.301      0.4796
  -15.500   6.249      0.6784
  -16.232   3.030      0.9396
  -16.360  -0.206      1.1330
  -15.903  -3.364      1.2341
  -14.830  -6.322      1.3611
  -13.191  -8.940      1.6077
  -11.161 -11.178      1.8733
   -8.892 -13.131      1.9160
   -6.366 -14.859      1.5995
   -3.479 -16.214      1.0578
   -0.245 -16.906      0.5855
    3.131 -16.751      0.3703
    6.400 -15.793      0.3611
    9.402 -14.175      0.3948
   12.017 -11.990      0.4082
   14.093  -9.301      0.4796
   15.500  -6.249      0.6784
   16.232  -3.030      0.9396
   16.819   0.465      1.0241
   16.266   3.698      1.0849
   15.093   6.685      1.1330
   13.336   9.255      1.2963
   11.234  11.371      1.5594
    9.014  13.225      1.7282
    6.637  15.003      1.6149
    3.861  16.575      1.2428
    0.583  17.523      0.8372
   -2.980  17.514      0.6087
   -6.483  16.555      0.5723
   -9.702  14.847      0.5935
  -12.509  12.519      0.5794
  -14.719   9.627      0.5783
  -16.151   6.334      0.6798
  -16.803   2.906      0.8674
  -16.819  -0.465      1.0241
  -16.266  -3.698      1.0849
  -15.093  -6.685      1.1330
  -13.336  -9.255      1.2963
  -11.234 -11.371      1.5594
   -9.014 -13.225      1.7282
   -6.637 -15.003      1.6149
   -3.861 -16.575      1.2428
   -0.583 -17.523      0.8372
    2.980 -17.514      0.6087
    6.483 -16.555      0.5723
    9.702 -14.847      0.5935
   12.509 -12.519      0.5794
   14.719  -9.627      0.5783
   16.151  -6.334      0.6798
   16.803  -2.906      0.8674
   17.327   0.698      0.9115
   16.692   4.031      0.9896
   15.438   7.086      1.0191
   13.577   9.678      1.0931
   11.372  11.737      1.2767
    9.126  13.488      1.4926
    6.830  15.218      1.5674
    4.171  16.875      1.4044
    0.913  18.007      1.0928
   -2.777  18.151      0.8247
   -6.485  17.228      0.7139
   -9.905  15.464      0.7151
  -12.888  13.028      0.7190
  -15.248   9.976      0.6931
  -16.759   6.471      0.6996
  -17.392   2.830      0.7874
  -17.327  -0.698      0.9115
  -16.692  -4.032      0.9896
  -15.438  -7.086      1.0191
  -13.577  -9.678      1.0931
  -11.372 -11.737      1.2767
   -9.126 -13.488      1.4926
   -6.830 -15.218      1.5674
   -4.171 -16.875      1.4044
   -0.913 -18.007      1.0928
    2.777 -18.151      0.8247
    6.485 -17.228      0.7139
    9.905 -15.464      0.7151
   12.889 -13.028      0.7190
   15.248  -9.976      0.6931
   16.759  -6.471      0.6996
   17.392  -2.830      0.7874
   17.886   0.873      0.7937
   17.167   4.330      0.9225
   15.833   7.472      0.9945
   13.887  10.139      1.0041
   11.574  12.227      1.0620
    9.234  13.919      1.2452
    6.930  15.543      1.4646
    4.354  17.157      1.5282
    1.171  18.373      1.3440
   -2.570  18.667      1.0304
   -6.446  17.831      0.8011
  -10.051  16.043      0.7539
  -13.186  13.521      0.8002
  -15.680  10.352      0.8019
  -17.309   6.681      0.7398
  -17.991   2.836      0.7138
  -17.886  -0.873      0.7937
  -17.167  -4.330      0.9225
  -15.833  -7.472      0.9945
  -13.887 -10.139      1.0041
  -11.574 -12.227      1.0620
   -9.234 -13.919      1.2452
   -6.930 -15.543      1.4646
   -4.354 -17.157      1.5282
   -1.171 -18.373      1.3440
    2.570 -18.667      1.0304
    6.446 -17.831      0.8011
   10.051 -16.043      0.7539
   13.186 -13.521      0.8002
   15.680 -10.352      0.8019
   17.309  -6.681      0.7398
   17.991  -2.836      0.7138
   18.492   0.993      0.6643
   17.680   4.599      0.8449
   16.250   7.835      0.9942
   14.235  10.602      0.9896
   11.828  12.789      0.9344
    9.355  14.489      1.0417
    6.956  15.989      1.3540
    4.408  17.450      1.6436
    1.334  18.643      1.6364
   -2.371  19.069      1.3112
   -6.364  18.378      0.9260
  -10.153  16.612      0.7413
  -13.431  14.014      0.7650
  -16.041  10.747      0.8022
  -17.805   6.953      0.7258
  -18.596   2.923      0.6255
  -18.492  -0.993      0.6643
  -17.680  -4.599      0.8449
  -16.250  -7.835      0.9942
  -14.235 -10.602      0.9896
  -11.828 -12.789      0.9344
   -9.355 -14.489      1.0417
   -6.956 -15.989      1.3540
   -4.408 -17.450      1.6436
   -1.334 -18.643      1.6364
    2.371 -19.069      1.3112
    6.364 -18.377      0.9260
   10.153 -16.612      0.7413
   13.431 -14.014      0.7650
   16.041 -10.747      0.8022
   17.805  -6.953      0.7258
   18.596  -2.923      0.6255
   19.132   1.064      0.6404
   18.228   4.861      0.7526
   16.677   8.213      0.8471
   14.587  11.090      0.8125
   12.099  13.411      0.7308
    9.475  15.168      0.8131
    6.921  16.548      1.1489
    4.342  17.782      1.5604
    1.392  18.842      1.7512
   -2.181  19.353      1.5970
   -6.203  18.854      1.2557
  -10.161  17.188      0.9833
  -13.612  14.548      0.8776
  -16.356  11.186      0.8373
  -18.267   7.283      0.7482
  -19.200   3.079      0.6438
  -19.132  -1.064      0.6404
  -18.228  -4.861      0.7526
  -16.677  -8.213      0.8471
  -14.587 -11.090      0.8125
  -12.099 -13.411      0.7308
   -9.475 -15.168      0.8131
   -6.921 -16.548      1.1489
   -4.342 -17.782      1.5604
   -1.392 -18.842      1.7512
    2.181 -19.353      1.5970
    6.203 -18.854      1.2557
   10.161 -17.188      0.9833
   13.612 -14.548      0.8776
   16.356 -11.186      0.8373
   18.267  -7.282      0.7482
   19.200  -3.079      0.6438
   19.768   1.011      0.6319
   18.832   5.010      0.6839
   17.199   8.526      0.7175
   15.039  11.554      0.6608
   12.459  14.038      0.5856
    9.658  15.895      0.6658
    6.883  17.204      0.9897
    4.170  18.215      1.4319
    1.256  19.063      1.7394
   -2.178  19.535      1.7523
   -6.123  19.164      1.5281
  -10.149  17.638      1.2504
  -13.745  15.036      1.0431
  -16.632  11.635      0.8980
  -18.686   7.657      0.7647
  -19.762   3.326      0.6570
  -19.768  -1.011      0.6319
  -18.832  -5.010      0.6839
  -17.199  -8.526      0.7175
  -15.039 -11.554      0.6608
  -12.459 -14.038      0.5856
   -9.658 -15.895      0.6658
   -6.883 -17.204      0.9897
   -4.170 -18.215      1.4319
   -1.256 -19.063      1.7394
    2.178 -19.535      1.7523
    6.123 -19.164      1.5281
   10.149 -17.638      1.2504
   13.745 -15.036      1.0431
   16.632 -11.635      0.8980
   18.686  -7.657      0.7647
   19.762  -3.326      0.6570
   20.385   0.881      0.7208
   19.465   5.070      0.7240
   17.793   8.768      0.7158
   15.575  11.970      0.6557
   12.897  14.628      0.5955
    9.915  16.605      0.6519
    6.896  17.892      0.8896
    3.986  18.727      1.2343
    1.016  19.354      1.5174
   -2.337  19.702      1.6115
   -6.177  19.364      1.5205
  -10.188  17.955      1.3428
  -13.869  15.439      1.1662
  -16.885  12.054      1.0125
  -19.078   8.038      0.8742
  -20.287   3.613      0.7672
  -20.385  -0.881      0.7208
  -19.465  -5.070      0.7240
  -17.793  -8.768      0.7158
  -15.575 -11.970      0.6557
  -12.897 -14.628      0.5955
   -9.915 -16.605      0.6519
   -6.896 -17.892      0.8896
   -3.986 -18.727      1.2343
   -1.016 -19.354      1.5174
    2.337 -19.702      1.6115
    6.177 -19.364      1.5205
   10.188 -17.955      1.3428
   13.869 -15.439      1.1662
   16.885 -12.054      1.0125
   19.078  -8.038      0.8742
   20.287  -3.613      0.7672
   20.954   0.718      0.8295
   20.087   5.046      0.8074
   18.423   8.904      0.7833
   16.175  12.271      0.7464
   13.422  15.095      0.7219
   10.287  17.208      0.7608
    7.041  18.541      0.8941
    3.895  19.297      1.0939
    0.767  19.759      1.2824
   -2.623  19.952      1.3844
   -6.420  19.549      1.3761
  -10.392  18.166      1.2872
  -14.093  15.705      1.1662
  -17.177  12.352      1.0474
  -19.459   8.333      0.9465
  -20.766   3.867      0.8725
  -20.954  -0.718      0.8295
  -20.087  -5.046      0.8074
  -18.423  -8.904      0.7833
  -16.175 -12.271      0.7464
  -13.422 -15.095      0.7219
  -10.287 -17.208      0.7608
   -7.041 -18.541      0.8941
   -3.895 -19.297      1.0939
   -0.767 -19.759      1.2824
    2.623 -19.952      1.3844
    6.420 -19.549      1.3761
   10.392 -18.166      1.2872
   14.093 -15.705      1.1662
   17.177 -12.352      1.0474
   19.459  -8.333      0.9465
   20.766  -3.867      0.8725
