    0.011  -0.001         0.2        -3.3
    0.011   0.001         1.0        -3.3
    0.010   0.003         1.9        -3.3
    0.009   0.004         2.6        -3.0
    0.008   0.006         3.2        -2.6
    0.006   0.007         3.7        -2.1
    0.004   0.008         4.0        -1.4
    0.002   0.008         4.2        -0.8
   -0.000   0.009         4.2        -0.1
   -0.003   0.009         4.2         0.5
   -0.005   0.008         4.0         1.2
   -0.007   0.007         3.6         1.8
   -0.008   0.006         3.0         2.4
   -0.010   0.005         2.3         2.7
   -0.011   0.004         1.5         3.0
   -0.011   0.002         0.7         3.2
   -0.011   0.001        -0.2         3.3
   -0.011  -0.001        -1.0         3.3
   -0.010  -0.003        -1.9         3.3
   -0.009  -0.004        -2.6         3.0
   -0.008  -0.006        -3.2         2.6
   -0.006  -0.007        -3.7         2.1
   -0.004  -0.008        -4.0         1.4
   -0.002  -0.008        -4.2         0.8
    0.000  -0.009        -4.2         0.1
    0.003  -0.009        -4.2        -0.5
    0.005  -0.008        -4.0        -1.2
    0.007  -0.007        -3.6        -1.8
    0.008  -0.006        -3.0        -2.4
    0.010  -0.005        -2.3        -2.7
    0.011  -0.004        -1.5        -3.0
    0.011  -0.002        -0.7        -3.2
    0.500  -0.007         1.5      -160.2
    0.489   0.095        31.9      -157.5
    0.459   0.193        61.0      -148.7
    0.412   0.284        87.6      -134.1
    0.348   0.364       110.8      -114.2
    0.271   0.429       129.6       -90.0
    0.184   0.478       143.2       -62.4
    0.090   0.509       151.2       -32.6
   -0.007   0.520       153.4        -1.6
   -0.104   0.511       150.0        29.3
   -0.197   0.483       140.9        59.1
   -0.282   0.437       126.7        86.7
   -0.357   0.373       107.7       111.2
   -0.418   0.295        84.5       131.6
   -0.464   0.206        57.8       147.0
   -0.491   0.109        28.8       156.7
   -0.500   0.007        -1.5       160.2
   -0.489  -0.095       -31.9       157.5
   -0.459  -0.193       -61.0       148.7
   -0.412  -0.284       -87.6       134.1
   -0.348  -0.364      -110.8       114.2
   -0.271  -0.429      -129.6        90.0
   -0.184  -0.478      -143.2        62.4
   -0.090  -0.509      -151.2        32.6
    0.007  -0.520      -153.4         1.6
    0.104  -0.511      -150.0       -29.3
    0.197  -0.483      -140.9       -59.1
    0.282  -0.437      -126.7       -86.7
    0.357  -0.373      -107.7      -111.2
    0.418  -0.295       -84.5      -131.6
    0.464  -0.206       -57.8      -147.0
    0.491  -0.109       -28.8      -156.7
    0.990  -0.008         0.8      -208.3
    0.970   0.195        40.5      -204.5
    0.911   0.390        78.6      -192.6
    0.818   0.569       113.4      -173.0
    0.692   0.727       143.4      -146.8
    0.540   0.855       167.5      -115.0
    0.369   0.950       185.0       -79.1
    0.183   1.009       195.3       -40.6
   -0.008   1.030       198.4        -0.8
   -0.199   1.012       194.3        38.8
   -0.383   0.955       183.1        77.1
   -0.552   0.862       165.3       112.8
   -0.701   0.736       141.1       144.5
   -0.824   0.581       111.2       171.0
   -0.915   0.404        76.7       191.1
   -0.972   0.210        38.9       203.7
   -0.990   0.008        -0.8       208.3
   -0.970  -0.195       -40.5       204.5
   -0.911  -0.390       -78.6       192.6
   -0.818  -0.569      -113.4       173.0
   -0.692  -0.727      -143.4       146.8
   -0.540  -0.855      -167.5       115.0
   -0.369  -0.950      -185.0        79.1
   -0.183  -1.009      -195.3        40.6
    0.008  -1.030      -198.4         0.8
    0.199  -1.012      -194.3       -38.8
    0.383  -0.955      -183.1       -77.1
    0.552  -0.862      -165.3      -112.8
    0.701  -0.736      -141.1      -144.5
    0.824  -0.581      -111.2      -171.0
    0.915  -0.404       -76.7      -191.1
    0.972  -0.210       -38.9      -203.7
    1.443  -0.041         2.3      -231.2
    1.409   0.273        45.7      -227.7
    1.319   0.575        87.3      -214.7
    1.175   0.855       125.0      -192.9
    0.985   1.099       157.0      -163.5
    0.758   1.299       181.7      -127.9
    0.503   1.447       198.5       -88.1
    0.232   1.540       207.2       -45.9
   -0.044   1.575       208.3        -3.0
   -0.317   1.552       202.7        39.6
   -0.578   1.472       190.7        81.0
   -0.819   1.336       172.6       120.0
   -1.031   1.150       148.2       155.6
   -1.207   0.918       117.6       186.1
   -1.339   0.649        81.3       209.8
   -1.419   0.352        40.7       225.2
   -1.443   0.041        -2.3       231.2
   -1.409  -0.273       -45.7       227.7
   -1.319  -0.575       -87.3       214.7
   -1.175  -0.855      -125.0       192.9
   -0.985  -1.099      -157.0       163.5
   -0.758  -1.299      -181.7       127.9
   -0.503  -1.447      -198.5        88.1
   -0.232  -1.540      -207.2        45.9
    0.044  -1.575      -208.3         3.0
    0.317  -1.552      -202.7       -39.6
    0.578  -1.472      -190.7       -81.0
    0.819  -1.336      -172.6      -120.0
    1.031  -1.150      -148.2      -155.6
    1.207  -0.918      -117.6      -186.1
    1.339  -0.649       -81.3      -209.8
    1.419  -0.352       -40.7      -225.2
    1.844  -0.175         6.0      -251.2
    1.787   0.264        52.4      -248.4
    1.653   0.691        97.1      -235.1
    1.448   1.087       137.9      -212.5
    1.180   1.437       172.6      -181.3
    0.862   1.727       198.3      -142.9
    0.512   1.947       213.0       -99.7
    0.151   2.091       216.5       -54.5
   -0.204   2.156       210.8        -9.8
   -0.540   2.145       198.7        33.6
   -0.849   2.060       182.9        75.7
   -1.128   1.902       164.4       116.8
   -1.373   1.671       142.3       156.4
   -1.578   1.373       114.7       192.6
   -1.732   1.013        80.2       222.3
   -1.824   0.608        39.2       242.5
   -1.844   0.175        -6.0       251.2
   -1.787  -0.264       -52.4       248.4
   -1.653  -0.691       -97.1       235.1
   -1.448  -1.087      -137.9       212.5
   -1.180  -1.437      -172.6       181.3
   -0.862  -1.727      -198.3       142.9
   -0.512  -1.947      -213.0        99.7
   -0.151  -2.091      -216.5        54.5
    0.204  -2.156      -210.8         9.8
    0.540  -2.145      -198.7       -33.6
    0.849  -2.060      -182.9       -75.7
    1.128  -1.902      -164.4      -116.8
    1.373  -1.671      -142.3      -156.4
    1.578  -1.373      -114.7      -192.6
    1.732  -1.013       -80.2      -222.3
    1.824  -0.608       -39.2      -242.5
    2.259  -0.523        11.2      -269.9
    2.160   0.051        60.4      -268.4
    1.965   0.609       108.2      -252.8
    1.680   1.126       152.0      -228.1
    1.313   1.589       191.4      -196.7
    0.874   1.982       224.0      -158.0
    0.384   2.291       244.1      -112.6
   -0.123   2.505       246.8       -64.8
   -0.607   2.625       232.0       -19.7
   -1.035   2.660       205.0        20.3
   -1.388   2.616       173.5        57.4
   -1.669   2.495       144.1        95.4
   -1.890   2.286       119.3       136.8
   -2.064   1.979        96.4       180.6
   -2.193   1.572        69.6       221.9
   -2.265   1.077        33.8       253.8
   -2.259   0.523       -11.2       269.9
   -2.160  -0.051       -60.4       268.4
   -1.965  -0.609      -108.2       252.8
   -1.680  -1.126      -152.0       228.1
   -1.313  -1.589      -191.4       196.7
   -0.874  -1.982      -224.0       158.0
   -0.384  -2.291      -244.1       112.6
    0.123  -2.505      -246.8        64.8
    0.607  -2.625      -232.0        19.7
    1.035  -2.660      -205.0       -20.3
    1.388  -2.616      -173.5       -57.4
    1.669  -2.495      -144.1       -95.4
    1.890  -2.286      -119.3      -136.8
    2.064  -1.979       -96.4      -180.6
    2.193  -1.572       -69.6      -221.9
    2.265  -1.077       -33.8      -253.8
    2.809  -1.016        15.0      -278.1
    2.659  -0.318        64.4      -286.0
    2.393   0.376       116.2      -269.4
    2.016   1.013       161.9      -237.7
    1.546   1.569       201.4      -201.2
    0.990   2.041       238.0      -161.9
    0.354   2.418       269.1      -116.1
   -0.336   2.685       284.1       -64.5
   -1.023   2.838       274.4       -15.9
   -1.641   2.897       241.0        21.0
   -2.134   2.894       193.3        46.6
   -2.481   2.843       143.2        69.8
   -2.693   2.729       100.7       101.2
   -2.806   2.511        70.3       145.1
   -2.858   2.154        47.9       196.8
   -2.864   1.647        22.5       245.4
   -2.809   1.016       -15.0       278.1
   -2.659   0.318       -64.4       286.0
   -2.393  -0.376      -116.2       269.4
   -2.016  -1.013      -161.9       237.7
   -1.546  -1.569      -201.4       201.2
   -0.990  -2.041      -238.0       161.9
   -0.354  -2.418      -269.1       116.1
    0.336  -2.685      -284.1        64.5
    1.023  -2.838      -274.4        15.9
    1.641  -2.897      -241.0       -21.0
    2.134  -2.894      -193.3       -46.6
    2.481  -2.843      -143.2       -69.8
    2.693  -2.729      -100.7      -101.2
    2.806  -2.511       -70.3      -145.1
    2.858  -2.154       -47.9      -196.8
    2.864  -1.647       -22.5      -245.4
    3.426  -1.486        17.4      -275.8
    3.225  -0.690        62.6      -297.2
    2.898   0.140       117.6      -285.9
    2.434   0.908       168.0      -249.7
    1.858   1.562       207.7      -204.6
    1.192   2.100       242.5      -160.6
    0.435   2.526       277.2      -114.0
   -0.409   2.827       302.9       -59.5
   -1.289   2.986       304.1        -4.2
   -2.115   3.028       275.1        36.2
   -2.797   3.015       222.9        55.0
   -3.278   2.997       160.5        62.1
   -3.546   2.970       101.5        76.6
   -3.637   2.870        57.2       111.8
   -3.617   2.614        30.4       166.7
   -3.543   2.150        11.0       227.3
   -3.426   1.486       -17.4       275.8
   -3.225   0.690       -62.6       297.2
   -2.898  -0.140      -117.6       285.9
   -2.434  -0.908      -168.0       249.7
   -1.858  -1.562      -207.7       204.6
   -1.192  -2.100      -242.5       160.6
   -0.435  -2.526      -277.2       114.0
    0.409  -2.827      -302.9        59.5
    1.289  -2.986      -304.1         4.2
    2.115  -3.028      -275.1       -36.2
    2.797  -3.015      -222.9       -55.0
    3.278  -2.997      -160.5       -62.1
    3.546  -2.970      -101.5       -76.6
    3.637  -2.870       -57.2      -111.8
    3.617  -2.614       -30.4      -166.7
    3.543  -2.150       -11.0      -227.3
    4.096  -1.865        18.2      -266.6
    3.849  -1.003        58.5      -299.4
    3.470  -0.058       114.2      -296.8
    2.929   0.841       169.9      -261.9
    2.247   1.604       213.1      -210.6
    1.464   2.211       245.9      -159.4
    0.590   2.676       278.3      -110.1
   -0.383   2.999       307.9       -54.1
   -1.425   3.156       318.1         6.6
   -2.441   3.163       296.7        54.0
   -3.315   3.100       247.4        73.6
   -3.960   3.062       182.2        71.3
   -4.336   3.077       114.7        69.9
   -4.462   3.072        59.0        92.1
   -4.410   2.921        24.2       142.9
   -4.273   2.525         4.5       208.3
   -4.096   1.865       -18.2       266.6
   -3.849   1.003       -58.5       299.4
   -3.470   0.058      -114.2       296.8
   -2.929  -0.841      -169.9       261.9
   -2.247  -1.604      -213.1       210.6
   -1.464  -2.211      -245.9       159.4
   -0.590  -2.676      -278.3       110.1
    0.383  -2.999      -307.9        54.1
    1.425  -3.156      -318.1        -6.6
    2.441  -3.163      -296.7       -54.0
    3.315  -3.100      -247.4       -73.6
    3.960  -3.062      -182.2       -71.3
    4.336  -3.077      -114.7       -69.9
    4.462  -3.072       -59.0       -92.1
    4.410  -2.921       -24.2      -142.9
    4.273  -2.525        -4.5      -208.3
    4.911  -1.965        18.1      -249.9
    4.624  -1.108        56.3      -288.0
    4.200  -0.118       110.2      -295.0
    3.594   0.868       168.9      -268.8
    2.811   1.729       217.7      -218.8
    1.903   2.408       251.5      -161.5
    0.907   2.907       278.3      -107.0
   -0.176   3.239       304.1       -50.7
   -1.338   3.390       318.7        11.3
   -2.507   3.358       307.3        66.9
   -3.565   3.214       267.4        97.4
   -4.404   3.075       208.0        99.1
   -4.959   3.019       141.4        90.1
   -5.221   3.008        80.2        97.3
   -5.241   2.907        35.5       134.4
   -5.115   2.579         7.4       192.2
   -4.911   1.965       -18.1       249.9
   -4.624   1.108       -56.3       288.0
   -4.200   0.118      -110.2       295.0
   -3.594  -0.868      -168.9       268.8
   -2.811  -1.729      -217.7       218.8
   -1.903  -2.408      -251.5       161.5
   -0.907  -2.907      -278.3       107.0
    0.176  -3.239      -304.1        50.7
    1.338  -3.390      -318.7       -11.3
    2.507  -3.358      -307.3       -66.9
    3.565  -3.214      -267.4       -97.4
    4.404  -3.075      -208.0       -99.1
    4.959  -3.019      -141.4       -90.1
    5.221  -3.008       -80.2       -97.3
    5.241  -2.907       -35.5      -134.4
    5.115  -2.579        -7.4      -192.2
    5.659  -1.904        12.7      -244.4
    5.364  -1.035        52.5      -279.7
    4.912  -0.016       105.9      -288.9
    4.256   1.025       165.7      -268.8
    3.392   1.962       218.8      -223.6
    2.369   2.710       256.4      -165.3
    1.244   3.248       281.5      -106.2
    0.043   3.589       302.0       -48.0
   -1.227   3.732       315.0        13.6
   -2.514   3.673       308.1        72.3
   -3.711   3.467       275.2       111.2
   -4.702   3.234       222.0       121.2
   -5.407   3.078       159.4       114.4
   -5.799   2.995        98.9       116.3
   -5.916   2.861        51.0       144.2
   -5.846   2.522        17.4       193.2
   -5.659   1.904       -12.7       244.4
   -5.364   1.035       -52.5       279.7
   -4.912   0.016      -105.9       288.9
   -4.256  -1.025      -165.7       268.8
   -3.392  -1.962      -218.8       223.6
   -2.369  -2.710      -256.4       165.3
   -1.244  -3.248      -281.5       106.2
   -0.043  -3.589      -302.0        48.0
    1.227  -3.732      -315.0       -13.6
    2.514  -3.673      -308.1       -72.3
    3.711  -3.467      -275.2      -111.2
    4.702  -3.234      -222.0      -121.2
    5.407  -3.078      -159.4      -114.4
    5.799  -2.995       -98.9      -116.3
    5.916  -2.861       -51.0      -144.2
    5.846  -2.522       -17.4      -193.2
    6.349  -1.719         6.3      -247.3
    6.066  -0.813        48.8      -275.7
    5.602   0.233       102.3      -282.0
    4.912   1.304       161.9      -264.5
    3.986   2.287       217.4      -224.4
    2.864   3.088       259.0      -168.2
    1.618   3.663       284.9      -107.0
    0.297   4.013       301.5       -46.6
   -1.078   4.146       311.1        14.5
   -2.467   4.063       305.8        73.9
   -3.781   3.807       278.4       118.7
   -4.903   3.486       230.9       137.7
   -5.743   3.218       172.5       137.3
   -6.261   3.025       114.2       139.5
   -6.485   2.800        65.6       162.6
   -6.492   2.391        28.4       204.2
   -6.349   1.719        -6.3       247.3
   -6.066   0.813       -48.8       275.7
   -5.602  -0.233      -102.3       282.0
   -4.912  -1.304      -161.9       264.5
   -3.986  -2.287      -217.4       224.4
   -2.864  -3.088      -259.0       168.2
   -1.618  -3.663      -284.9       107.0
   -0.297  -4.013      -301.5        46.6
    1.078  -4.146      -311.1       -14.5
    2.467  -4.063      -305.8       -73.9
    3.781  -3.807      -278.4      -118.7
    4.903  -3.486      -230.9      -137.7
    5.743  -3.218      -172.5      -137.3
    6.261  -3.025      -114.2      -139.5
    6.485  -2.800       -65.6      -162.6
    6.492  -2.391       -28.4      -204.2
    6.967  -1.544         1.1      -255.1
    6.701  -0.566        45.6      -277.0
    6.232   0.529        99.1      -278.4
    5.517   1.635       157.9      -260.3
    4.542   2.655       214.4      -223.2
    3.338   3.500       259.0      -169.8
    1.979   4.108       286.9      -108.1
    0.539   4.468       302.0       -45.8
   -0.946   4.588       308.6        15.6
   -2.438   4.480       303.3        75.0
   -3.861   4.179       279.2       122.9
   -5.102   3.785       235.8       148.3
   -6.059   3.422       180.5       153.5
   -6.683   3.128       124.0       157.9
   -6.994   2.807        75.5       179.8
   -7.067   2.304        36.4       217.8
   -6.967   1.544        -1.1       255.1
   -6.701   0.566       -45.6       277.0
   -6.232  -0.529       -99.1       278.4
   -5.517  -1.635      -157.9       260.3
   -4.542  -2.655      -214.4       223.2
   -3.338  -3.500      -259.0       169.8
   -1.979  -4.108      -286.9       108.1
   -0.539  -4.468      -302.0        45.8
    0.946  -4.588      -308.6       -15.6
    2.438  -4.480      -303.3       -75.0
    3.861  -4.179      -279.2      -122.9
    5.102  -3.785      -235.8      -148.3
    6.059  -3.422      -180.5      -153.5
    6.683  -3.128      -124.0      -157.9
    6.994  -2.807       -75.5      -179.8
    7.067  -2.304       -36.4      -217.8
    7.545  -1.446        -2.5      -263.5
    7.289  -0.376        43.0      -281.1
    6.813   0.791        96.2      -278.4
    6.076   1.949       154.2      -258.5
    5.056   3.014       211.0      -222.7
    3.776   3.904       257.8      -171.2
    2.311   4.548       287.8      -109.3
    0.748   4.919       302.7       -45.3
   -0.854   5.026       307.5        17.2
   -2.457   4.886       301.6        76.9
   -3.992   4.538       279.2       126.6
   -5.347   4.080       238.3       155.6
   -6.411   3.642       184.9       164.1
   -7.123   3.276       129.5       169.9
   -7.500   2.883        81.2       191.7
   -7.618   2.299        41.3       228.7
   -7.545   1.446         2.5       263.5
   -7.289   0.376       -43.0       281.1
   -6.813  -0.791       -96.2       278.4
   -6.076  -1.949      -154.2       258.5
   -5.056  -3.014      -211.0       222.7
   -3.776  -3.904      -257.8       171.2
   -2.311  -4.548      -287.8       109.3
   -0.748  -4.919      -302.7        45.3
    0.854  -5.026      -307.5       -17.2
    2.457  -4.886      -301.6       -76.9
    3.992  -4.538      -279.2      -126.6
    5.347  -4.080      -238.3      -155.6
    6.411  -3.642      -184.9      -164.1
    7.123  -3.276      -129.5      -169.9
    7.500  -2.883       -81.2      -191.7
    7.618  -2.299       -41.3      -228.7
    8.122  -1.398        -5.0      -269.9
    7.869  -0.237        40.7      -285.1
    7.384   1.010        93.4      -279.5
    6.623   2.230       150.4      -258.1
    5.559   3.346       207.3      -223.0
    4.205   4.284       255.7      -173.0
    2.633   4.967       287.7      -111.0
    0.947   5.353       303.1       -45.3
   -0.781   5.447       306.7        18.8
   -2.504   5.272       300.1        79.4
   -4.158   4.870       278.6       130.7
   -5.630   4.343       239.3       162.1
   -6.800   3.837       187.3       172.1
   -7.595   3.416       132.6       178.0
   -8.027   2.977        84.5       199.4
   -8.178   2.334        44.4       236.1
   -8.122   1.398         5.0       269.9
   -7.869   0.237       -40.7       285.1
   -7.384  -1.010       -93.4       279.5
   -6.623  -2.230      -150.4       258.1
   -5.559  -3.346      -207.3       223.0
   -4.205  -4.284      -255.7       173.0
   -2.633  -4.967      -287.7       111.0
   -0.947  -5.353      -303.1        45.3
    0.781  -5.447      -306.7       -18.8
    2.504  -5.272      -300.1       -79.4
    4.158  -4.870      -278.6      -130.7
    5.630  -4.343      -239.3      -162.1
    6.800  -3.837      -187.3      -172.1
    7.595  -3.416      -132.6      -178.0
    8.027  -2.977       -84.5      -199.4
    8.178  -2.334       -44.4      -236.1
    8.715  -1.326        -6.2      -274.5
    8.462  -0.082        39.5      -287.9
    7.967   1.238        91.2      -279.9
    7.184   2.512       146.8      -257.2
    6.081   3.671       203.0      -222.9
    4.659   4.653       252.3      -174.7
    2.988   5.375       286.2      -113.4
    1.180   5.779       302.4       -46.6
   -0.675   5.862       305.5        19.2
   -2.522   5.648       298.5        81.3
   -4.301   5.185       277.8       134.6
   -5.900   4.579       240.0       168.7
   -7.188   3.990       189.2       180.4
   -8.078   3.507       135.1       185.7
   -8.573   3.025        86.7       205.8
   -8.757   2.333        46.1       241.6
   -8.715   1.326         6.2       274.5
   -8.462   0.082       -39.5       287.9
   -7.967  -1.238       -91.2       279.9
   -7.184  -2.512      -146.8       257.2
   -6.081  -3.671      -203.0       222.9
   -4.659  -4.653      -252.3       174.7
   -2.988  -5.375      -286.2       113.4
   -1.180  -5.779      -302.4        46.6
    0.675  -5.862      -305.5       -19.2
    2.522  -5.648      -298.5       -81.3
    4.301  -5.185      -277.8      -134.6
    5.900  -4.579      -240.0      -168.7
    7.188  -3.990      -189.2      -180.4
    8.078  -3.507      -135.1      -185.7
    8.573  -3.025       -86.7      -205.8
    8.757  -2.333       -46.1      -241.6
    9.296  -1.098        -4.5      -280.9
    9.040   0.245        42.2      -291.2
    8.529   1.638        92.6      -279.5
    7.731   2.947       145.3      -254.0
    6.607   4.118       198.9      -219.8
    5.149   5.109       247.4      -174.2
    3.414   5.847       282.3      -115.6
    1.515   6.262       299.9       -49.6
   -0.444   6.335       303.3        16.7
   -2.400   6.088       296.5        79.6
   -4.295   5.568       277.6       135.0
   -6.028   4.874       242.7       173.7
   -7.458   4.170       193.9       190.2
   -8.477   3.571       140.0       197.2
   -9.072   2.990        90.2       216.2
   -9.315   2.205        46.9       250.1
   -9.296   1.098         4.5       280.9
   -9.040  -0.245       -42.2       291.2
   -8.529  -1.638       -92.6       279.5
   -7.731  -2.947      -145.3       254.0
   -6.607  -4.118      -198.9       219.8
   -5.149  -5.109      -247.4       174.2
   -3.414  -5.847      -282.3       115.6
   -1.515  -6.262      -299.9        49.6
    0.444  -6.335      -303.3       -16.7
    2.400  -6.088      -296.5       -79.6
    4.295  -5.568      -277.6      -135.0
    6.028  -4.874      -242.7      -173.7
    7.458  -4.170      -193.9      -190.2
    8.477  -3.571      -140.0      -197.2
    9.072  -2.990       -90.2      -216.2
    9.315  -2.205       -46.9      -250.1
    9.909  -0.892        -1.8      -284.5
    9.634   0.524        46.1      -293.6
    9.089   1.984        95.4      -280.2
    8.256   3.339       145.4      -253.3
    7.102   4.537       196.1      -219.1
    5.609   5.552       243.1      -175.2
    3.820   6.315       278.4      -118.8
    1.843   6.749       297.4       -53.5
   -0.212   6.818       301.6        13.8
   -2.272   6.535       294.9        78.3
   -4.278   5.947       277.1       136.0
   -6.140   5.151       244.7       178.9
   -7.717   4.315       198.3       200.0
   -8.885   3.587       145.1       208.0
   -9.598   2.911        93.6       224.3
   -9.911   2.063        47.1       255.3
   -9.909   0.892         1.8       284.5
   -9.634  -0.524       -46.1       293.6
   -9.089  -1.984       -95.4       280.2
   -8.256  -3.339      -145.4       253.3
   -7.102  -4.537      -196.1       219.1
   -5.609  -5.552      -243.1       175.2
   -3.820  -6.315      -278.4       118.8
   -1.842  -6.749      -297.4        53.5
    0.212  -6.818      -301.6       -13.8
    2.272  -6.535      -294.9       -78.3
    4.278  -5.947      -277.1      -136.0
    6.140  -5.151      -244.7      -178.9
    7.717  -4.315      -198.3      -200.0
    8.885  -3.587      -145.1      -208.0
    9.598  -2.911       -93.6      -224.3
    9.911  -2.063       -47.1      -255.3
   10.586  -0.668         1.4      -284.0
   10.282   0.766        50.7      -293.2
    9.680   2.263        99.3      -280.4
    8.787   3.662       147.0      -254.0
    7.581   4.905       194.7      -220.5
    6.043   5.965       239.5      -178.1
    4.206   6.776       274.3      -123.3
    2.164   7.247       294.3       -58.6
    0.027   7.324       299.7        10.1
   -2.125   7.004       293.1        77.0
   -4.229   6.334       275.5       137.4
   -6.208   5.413       245.2       184.5
   -7.934   4.413       201.9       210.5
   -9.274   3.517       150.4       219.8
  -10.147   2.731        97.6       231.6
  -10.561   1.845        47.4       257.2
  -10.586   0.668        -1.4       284.0
  -10.282  -0.766       -50.7       293.2
   -9.679  -2.263       -99.3       280.4
   -8.787  -3.662      -147.0       254.0
   -7.581  -4.905      -194.7       220.5
   -6.043  -5.965      -239.5       178.1
   -4.206  -6.776      -274.3       123.3
   -2.164  -7.247      -294.3        58.6
   -0.027  -7.324      -299.7       -10.1
    2.125  -7.004      -293.1       -77.0
    4.229  -6.334      -275.5      -137.4
    6.208  -5.413      -245.2      -184.5
    7.934  -4.413      -201.9      -210.5
    9.274  -3.517      -150.4      -219.8
   10.147  -2.731       -97.6      -231.6
   10.561  -1.845       -47.4      -257.2
   11.347  -0.386         4.0      -278.4
   11.022   0.977        54.6      -288.3
   10.351   2.446       102.8      -278.6
    9.372   3.864       148.8      -255.3
    8.084   5.162       194.1      -224.0
    6.473   6.298       236.7      -183.3
    4.572   7.192       270.5      -129.9
    2.465   7.733       291.1       -65.3
    0.253   7.841       297.5         5.3
   -1.982   7.491       290.8        75.6
   -4.171   6.725       272.5       139.3
   -6.245   5.653       243.3       190.3
   -8.109   4.451       203.1       221.8
   -9.634   3.336       154.2       233.1
  -10.703   2.403       101.2       239.4
  -11.264   1.498        48.0       256.3
  -11.347   0.386        -4.0       278.4
  -11.022  -0.977       -54.6       288.3
  -10.351  -2.446      -102.8       278.6
   -9.372  -3.864      -148.8       255.3
   -8.084  -5.162      -194.1       224.0
   -6.473  -6.298      -236.7       183.3
   -4.572  -7.192      -270.5       129.9
   -2.465  -7.733      -291.1        65.3
   -0.253  -7.841      -297.5        -5.3
    1.982  -7.491      -290.8       -75.6
    4.171  -6.725      -272.5      -139.3
    6.245  -5.653      -243.3      -190.3
    8.109  -4.451      -203.1      -221.8
    9.634  -3.336      -154.2      -233.1
   10.703  -2.403      -101.2      -239.4
   11.264  -1.497       -48.0      -256.3
   11.973   0.180         6.1      -281.0
   11.670   1.541        62.9      -285.5
   10.919   2.981       113.8      -274.8
    9.811   4.386       159.1      -252.1
    8.394   5.698       200.9      -221.7
    6.691   6.872       238.5      -182.5
    4.753   7.823       267.6      -132.0
    2.658   8.435       285.3       -70.8
    0.485   8.605       291.4        -2.4
   -1.709   8.277       286.0        68.0
   -3.875   7.469       269.2       133.3
   -5.960   6.291       243.0       187.3
   -7.905   4.903       208.3       226.6
   -9.612   3.490       164.1       248.9
  -10.933   2.207       111.3       258.7
  -11.739   1.037        53.3       268.5
  -11.973  -0.180        -6.1       281.0
  -11.670  -1.541       -62.9       285.5
  -10.919  -2.981      -113.8       274.8
   -9.811  -4.386      -159.1       252.1
   -8.394  -5.698      -200.9       221.7
   -6.691  -6.872      -238.5       182.5
   -4.753  -7.823      -267.6       132.0
   -2.658  -8.435      -285.3        70.8
   -0.485  -8.605      -291.4         2.4
    1.710  -8.277      -286.0       -68.0
    3.875  -7.469      -269.2      -133.3
    5.960  -6.291      -243.0      -187.3
    7.905  -4.903      -208.3      -226.6
    9.612  -3.490      -164.1      -248.9
   10.933  -2.207      -111.3      -258.7
   11.739  -1.037       -53.3      -268.5
   12.681   0.746         5.3      -277.4
   12.473   1.968        63.5      -276.7
   11.720   3.240       115.4      -267.9
   10.535   4.544       160.9      -250.6
    9.000   5.847       202.5      -225.0
    7.164   7.084       239.9      -188.5
    5.090   8.132       269.1      -139.0
    2.870   8.848       286.5       -78.0
    0.597   9.105       291.7        -9.0
   -1.669   8.820       285.4        63.4
   -3.885   7.983       267.4       132.2
   -6.003   6.690       239.4       190.1
   -7.984   5.110       204.6       233.7
   -9.776   3.435       162.7       261.5
  -11.257   1.857       112.5       272.9
  -12.267   0.485        55.2       275.5
  -12.681  -0.746        -5.3       277.4
  -12.473  -1.968       -63.5       276.7
  -11.720  -3.240      -115.4       267.9
  -10.535  -4.544      -160.9       250.6
   -9.000  -5.847      -202.5       225.0
   -7.164  -7.084      -239.9       188.5
   -5.090  -8.132      -269.1       139.0
   -2.870  -8.848      -286.5        78.0
   -0.597  -9.105      -291.7         9.0
    1.669  -8.820      -285.4       -63.4
    3.885  -7.983      -267.4      -132.2
    6.003  -6.690      -239.4      -190.1
    7.984  -5.110      -204.6      -233.7
    9.776  -3.435      -162.7      -261.5
   11.257  -1.857      -112.5      -272.9
   12.267  -0.485       -55.2      -275.5
   13.329   1.447         3.5      -273.8
   13.293   2.507        61.2      -265.3
   12.609   3.531       113.5      -257.8
   11.391   4.656       159.3      -247.3
    9.759   5.906       201.0      -228.3
    7.792   7.189       239.1      -195.3
    5.561   8.328       269.7      -146.4
    3.172   9.139       288.3       -84.9
    0.734   9.480       293.7       -15.6
   -1.673   9.256       286.6        57.9
   -3.992   8.423       266.7       129.9
   -6.164   7.043       235.0       192.3
   -8.154   5.285       196.8       239.6
   -9.956   3.354       155.1       271.3
  -11.518   1.468       108.0       285.4
  -12.699  -0.160        54.5       283.3
  -13.329  -1.447        -3.5       273.8
  -13.293  -2.507       -61.2       265.3
  -12.609  -3.531      -113.5       257.8
  -11.391  -4.656      -159.3       247.3
   -9.759  -5.906      -201.0       228.3
   -7.792  -7.189      -239.1       195.3
   -5.561  -8.328      -269.7       146.4
   -3.172  -9.139      -288.3        84.9
   -0.734  -9.480      -293.7        15.6
    1.673  -9.256      -286.6       -57.9
    3.992  -8.423      -266.7      -129.9
    6.164  -7.043      -235.0      -192.3
    8.154  -5.285      -196.8      -239.6
    9.956  -3.354      -155.1      -271.3
   11.518  -1.468      -108.0      -285.4
   12.699   0.160       -54.5      -283.3
   13.799   2.256         2.0      -274.6
   14.011   3.240        56.9      -255.2
   13.495   4.001       109.3      -245.2
   12.314   4.874       156.1      -240.7
   10.618   6.004       198.3      -229.0
    8.530   7.287       237.1      -200.4
    6.144   8.484       269.0      -152.6
    3.572   9.363       289.2       -91.1
    0.936   9.773       295.8       -22.0
   -1.665   9.617       289.1        51.4
   -4.145   8.824       267.6       125.5
   -6.406   7.408       231.7       191.9
   -8.393   5.514       187.9       242.6
  -10.137   3.364       143.9       276.9
  -11.681   1.179        99.2       295.0
  -12.958  -0.777        50.7       292.9
  -13.799  -2.256        -2.0       274.6
  -14.011  -3.240       -56.9       255.2
  -13.495  -4.001      -109.3       245.2
  -12.314  -4.874      -156.1       240.7
  -10.618  -6.004      -198.3       229.0
   -8.530  -7.287      -237.1       200.4
   -6.144  -8.484      -269.0       152.6
   -3.572  -9.363      -289.2        91.1
   -0.936  -9.773      -295.8        22.0
    1.665  -9.617      -289.1       -51.4
    4.145  -8.824      -267.6      -125.5
    6.406  -7.408      -231.7      -191.9
    8.393  -5.514      -187.9      -242.6
   10.137  -3.363      -143.9      -276.9
   11.681  -1.179       -99.2      -295.0
   12.958   0.777       -50.7      -292.9
   14.051   3.046         3.1      -279.1
   14.527   4.115        51.1      -249.0
   14.290   4.685       101.7      -231.9
   13.259   5.269       150.9      -230.5
   11.552   6.208       195.7      -226.5
    9.349   7.435       235.6      -203.0
    6.807   8.648       267.4      -157.1
    4.063   9.565       287.9       -96.3
    1.237  10.022       296.4       -28.2
   -1.579   9.920       291.8        44.9
   -4.274   9.168       270.6       120.3
   -6.692   7.740       231.1       189.5
   -8.720   5.759       181.2       242.7
  -10.394   3.448       132.2       278.5
  -11.836   1.023        87.3       299.4
  -13.087  -1.260        42.7       300.7
  -14.051  -3.046        -3.1       279.1
  -14.527  -4.115       -51.1       249.0
  -14.290  -4.685      -101.7       231.9
  -13.259  -5.269      -150.9       230.5
  -11.552  -6.208      -195.7       226.5
   -9.349  -7.435      -235.6       203.0
   -6.807  -8.648      -267.4       157.1
   -4.063  -9.565      -287.9        96.3
   -1.237 -10.022      -296.4        28.2
    1.579  -9.920      -291.8       -44.9
    4.274  -9.168      -270.6      -120.3
    6.692  -7.740      -231.1      -189.5
    8.720  -5.759      -181.2      -242.7
   10.394  -3.448      -132.2      -278.5
   11.836  -1.023       -87.3      -299.4
   13.087   1.260       -42.7      -300.7
   14.061   3.484         7.8      -288.2
   14.668   4.936        47.1      -253.8
   14.742   5.643        92.8      -225.7
   13.988   6.093       145.7      -218.5
   12.354   6.818       197.1      -216.8
   10.048   7.891       238.7      -197.1
    7.361   9.022       267.3      -154.7
    4.503   9.915       285.0       -97.9
    1.567  10.385       294.4       -32.4
   -1.399  10.298       292.7        40.0
   -4.282   9.551       273.5       114.7
   -6.886   8.131       234.7       183.0
   -9.046   6.154       182.8       236.7
  -10.742   3.800       128.9       274.6
  -12.080   1.245        78.9       298.7
  -13.173  -1.299        33.2       305.4
  -14.061  -3.484        -7.8       288.2
  -14.668  -4.936       -47.1       253.8
  -14.742  -5.643       -92.8       225.7
  -13.988  -6.093      -145.7       218.5
  -12.354  -6.818      -197.1       216.8
  -10.048  -7.891      -238.7       197.1
   -7.361  -9.022      -267.3       154.7
   -4.503  -9.915      -285.0        97.9
   -1.567 -10.385      -294.4        32.4
    1.399 -10.298      -292.7       -40.0
    4.282  -9.551      -273.5      -114.7
    6.886  -8.131      -234.7      -183.0
    9.046  -6.154      -182.8      -236.7
   10.742  -3.800      -128.9      -274.6
   12.080  -1.245       -78.9      -298.7
   13.173   1.299       -33.2      -305.4
   14.100   3.350         7.3      -295.6
   14.671   5.329        46.2      -268.0
   14.832   6.548        90.8      -231.7
   14.256   7.205       143.8      -208.7
   12.764   7.830       197.4      -199.8
   10.494   8.721       241.1      -183.8
    7.742   9.725       270.9      -146.7
    4.772  10.528       287.3       -91.7
    1.743  10.900       292.6       -28.0
   -1.272  10.744       288.8        38.3
   -4.223  10.018       274.3       105.8
   -6.991   8.680       242.9       172.6
   -9.354   6.748       192.0       230.1
  -11.140   4.375       131.6       269.6
  -12.398   1.777        76.6       292.1
  -13.334  -0.868        31.9       301.9
  -14.100  -3.350        -7.3       295.6
  -14.671  -5.329       -46.2       268.0
  -14.832  -6.548       -90.8       231.7
  -14.256  -7.205      -143.8       208.7
  -12.764  -7.830      -197.4       199.8
  -10.494  -8.721      -241.1       183.8
   -7.742  -9.725      -270.9       146.7
   -4.772 -10.528      -287.3        91.7
   -1.743 -10.900      -292.6        28.0
    1.272 -10.744      -288.8       -38.3
    4.223 -10.018      -274.3      -105.8
    6.991  -8.680      -242.9      -172.6
    9.354  -6.748      -192.0      -230.1
   11.140  -4.375      -131.6      -269.6
   12.398  -1.777       -76.6      -292.1
   13.334   0.868       -31.9      -301.9
   14.343   2.727         7.0      -298.1
   14.632   5.124        49.6      -278.7
   14.596   6.977        90.8      -244.9
   14.055   8.238       139.5      -212.1
   12.733   9.159       196.8      -187.9
   10.542  10.002       248.8      -161.5
    7.727  10.759       279.8      -121.9
    4.687  11.301       289.1       -74.0
    1.663  11.552       289.1       -23.0
   -1.323  11.422       286.6        34.8
   -4.276  10.746       275.2       101.1
   -7.066   9.413       246.0       167.3
   -9.483   7.489       199.7       221.2
  -11.390   5.166       145.4       258.5
  -12.786   2.614        91.4       283.2
  -13.745  -0.062        40.3       297.8
  -14.343  -2.727        -7.0       298.1
  -14.632  -5.124       -49.6       278.7
  -14.596  -6.977       -90.8       244.9
  -14.055  -8.238      -139.5       212.1
  -12.733  -9.159      -196.8       187.9
  -10.542 -10.002      -248.8       161.5
   -7.727 -10.759      -279.8       121.9
   -4.687 -11.301      -289.1        74.0
   -1.663 -11.552      -289.1        23.0
    1.323 -11.422      -286.6       -34.8
    4.276 -10.746      -275.2      -101.1
    7.066  -9.413      -246.0      -167.3
    9.483  -7.489      -199.7      -221.2
   11.390  -5.166      -145.4      -258.5
   12.786  -2.614       -91.4      -283.2
   13.745   0.062       -40.3      -297.8
   14.650   1.820        -0.0      -296.3
   14.716   4.501        46.7      -285.3
   14.416   6.896        90.7      -259.9
   13.664   8.853       141.3      -224.0
   12.248  10.323       200.6      -182.8
   10.052  11.348       254.5      -138.1
    7.268  11.986       284.5       -92.2
    4.274  12.319       290.3       -50.7
    1.306  12.429       287.7       -11.0
   -1.617  12.246       284.2        38.3
   -4.490  11.564       272.7        99.5
   -7.199  10.260       246.6       160.7
   -9.601   8.408       208.3       210.2
  -11.602   6.167       162.3       247.1
  -13.139   3.656       110.0       274.6
  -14.153   0.956        53.8       292.1
  -14.650  -1.820         0.0       296.3
  -14.716  -4.501       -46.7       285.3
  -14.416  -6.896       -90.7       259.9
  -13.664  -8.853      -141.3       224.0
  -12.248 -10.323      -200.6       182.8
  -10.052 -11.348      -254.5       138.1
   -7.268 -11.986      -284.5        92.2
   -4.273 -12.319      -290.3        50.7
   -1.306 -12.429      -287.7        11.0
    1.617 -12.246      -284.2       -38.3
    4.490 -11.564      -272.7       -99.5
    7.199 -10.260      -246.6      -160.7
    9.601  -8.408      -208.3      -210.2
   11.602  -6.167      -162.3      -247.1
   13.139  -3.656      -110.0      -274.6
   14.153  -0.956       -53.8      -292.1
   14.968   0.953        -9.7      -293.3
   14.899   3.815        41.0      -287.4
   14.375   6.542        88.6      -269.3
   13.354   8.989       143.3      -235.9
   11.709  10.970       204.8      -185.2
    9.407  12.339       257.7      -124.5
    6.637  13.093       285.6       -68.5
    3.703  13.391       289.9       -27.7
    0.790  13.408       286.3         4.7
   -2.080  13.137       281.9        45.9
   -4.882  12.411       269.8       100.6
   -7.510  11.119       245.5       156.2
   -9.856   9.321       212.7       201.5
  -11.861   7.138       174.0       236.8
  -13.450   4.649       125.7       265.9
  -14.505   1.915        67.8       286.2
  -14.968  -0.953         9.7       293.3
  -14.899  -3.815       -41.0       287.4
  -14.375  -6.542       -88.6       269.3
  -13.354  -8.989      -143.3       235.9
  -11.709 -10.970      -204.8       185.2
   -9.407 -12.339      -257.7       124.5
   -6.637 -13.093      -285.6        68.5
   -3.703 -13.391      -289.9        27.7
   -0.790 -13.408      -286.3        -4.7
    2.080 -13.137      -281.9       -45.9
    4.882 -12.411      -269.8      -100.6
    7.510 -11.119      -245.5      -156.2
    9.856  -9.321      -212.7      -201.5
   11.861  -7.138      -174.0      -236.8
   13.450  -4.649      -125.7      -265.9
   14.505  -1.915       -67.8      -286.2
   15.278   0.347       -17.0      -289.7
   15.119   3.324        36.2      -286.5
   14.431   6.216        85.3      -273.1
   13.204   8.902       142.0      -243.7
   11.375  11.190       205.8      -190.5
    8.973  12.878       259.2      -120.3
    6.184  13.889       285.9       -55.0
    3.252  14.335       289.3       -11.2
    0.323  14.376       285.2        18.2
   -2.563  14.046       280.1        53.6
   -5.361  13.253       267.5       103.0
   -7.965  11.927       243.5       154.5
  -10.279  10.116       213.2       196.4
  -12.251   7.917       179.0       229.5
  -13.812   5.392       134.8       258.5
  -14.848   2.602        77.6       280.6
  -15.278  -0.347        17.0       289.7
  -15.119  -3.324       -36.2       286.5
  -14.431  -6.216       -85.3       273.1
  -13.204  -8.902      -142.0       243.7
  -11.375 -11.190      -205.8       190.5
   -8.973 -12.878      -259.2       120.3
   -6.184 -13.889      -285.9        55.0
   -3.252 -14.335      -289.3        11.2
   -0.323 -14.376      -285.2       -18.2
    2.563 -14.046      -280.1       -53.6
    5.361 -13.253      -267.5      -103.0
    7.965 -11.927      -243.5      -154.5
   10.279 -10.116      -213.2      -196.4
   12.251  -7.917      -179.0      -229.5
   13.812  -5.392      -134.8      -258.5
   14.848  -2.602       -77.6      -280.6
   15.596   0.042       -19.9      -286.1
   15.348   3.092        34.8      -284.3
   14.523   6.047        83.5      -273.7
   13.139   8.794       139.3      -248.3
   11.207  11.194       203.8      -196.7
    8.787  13.095       258.7      -122.7
    6.015  14.401       286.2       -50.6
    3.057  15.119       289.3        -2.2
    0.043  15.301       284.4        26.8
   -2.946  14.971       278.6        58.7
   -5.824  14.108       265.4       104.6
   -8.485  12.705       240.8       154.0
  -10.828  10.812       210.8       194.0
  -12.781   8.510       178.8       225.0
  -14.277   5.875       137.7       253.1
  -15.236   2.989        81.8       275.7
  -15.596  -0.042        19.9       286.1
  -15.348  -3.092       -34.8       284.3
  -14.523  -6.047       -83.5       273.7
  -13.139  -8.794      -139.3       248.3
  -11.207 -11.194      -203.8       196.7
   -8.787 -13.095      -258.7       122.7
   -6.015 -14.401      -286.2        50.6
   -3.057 -15.119      -289.3         2.2
   -0.043 -15.301      -284.4       -26.8
    2.946 -14.971      -278.6       -58.7
    5.824 -14.108      -265.4      -104.6
    8.485 -12.705      -240.8      -154.0
   10.828 -10.812      -210.8      -194.0
   12.781  -8.510      -178.8      -225.0
   14.277  -5.875      -137.7      -253.1
   15.236  -2.989       -81.8      -275.7
   15.952   0.023       -18.3      -282.7
   15.602   3.126        37.4      -281.1
   14.647   6.086        84.5      -271.9
   13.131   8.785       137.0      -250.2
   11.148  11.145       199.9      -202.8
    8.791  13.130       256.4      -129.2
    6.113  14.695       286.4       -53.1
    3.160  15.741       290.2        -0.2
    0.026  16.157       284.2        30.1
   -3.140  15.888       277.3        60.1
   -6.185  14.965       263.5       104.1
   -8.987  13.457       237.9       153.1
  -11.435  11.429       206.6       192.9
  -13.420   8.952       174.9       222.7
  -14.854   6.132       135.7       249.4
  -15.700   3.100        81.0       271.9
  -15.952  -0.023        18.3       282.7
  -15.602  -3.126       -37.4       281.1
  -14.647  -6.086       -84.5       271.9
  -13.131  -8.785      -137.0       250.2
  -11.148 -11.145      -199.9       202.8
   -8.791 -13.130      -256.4       129.2
   -6.113 -14.695      -286.4        53.1
   -3.160 -15.741      -290.2         0.2
   -0.026 -16.157      -284.2       -30.1
    3.140 -15.888      -277.3       -60.1
    6.185 -14.965      -263.5      -104.1
    8.987 -13.457      -237.9      -153.1
   11.435 -11.429      -206.6      -192.9
   13.420  -8.952      -174.9      -222.7
   14.854  -6.132      -135.7      -249.4
   15.700  -3.100       -81.0      -271.9
   16.360   0.206       -13.6      -279.5
   15.903   3.364        43.0      -277.3
   14.830   6.322        88.5      -268.3
   13.191   8.940       136.4      -249.6
   11.161  11.178       195.6      -207.4
    8.892  13.131       252.6      -137.6
    6.366  14.859       286.0       -60.7
    3.479  16.214       291.6        -3.8
    0.245  16.906       284.6        29.0
   -3.131  16.751       276.3        58.6
   -6.400  15.793       262.0       101.6
   -9.402  14.175       235.4       151.3
  -12.017  11.990       202.1       192.0
  -14.093   9.301       169.1       221.4
  -15.500   6.249       130.6       247.0
  -16.232   3.030        77.0       268.9
  -16.360  -0.206        13.6       279.5
  -15.903  -3.364       -43.0       277.3
  -14.830  -6.322       -88.5       268.3
  -13.191  -8.940      -136.4       249.6
  -11.161 -11.178      -195.6       207.4
   -8.892 -13.131      -252.6       137.6
   -6.366 -14.859      -286.0        60.7
   -3.479 -16.214      -291.6         3.8
   -0.245 -16.906      -284.6       -29.0
    3.131 -16.751      -276.3       -58.6
    6.400 -15.793      -262.0      -101.6
    9.402 -14.175      -235.4      -151.3
   12.017 -11.990      -202.1      -192.0
   14.093  -9.301      -169.1      -221.4
   15.500  -6.249      -130.6      -247.0
   16.232  -3.030       -77.0      -268.9
   16.819   0.465        -8.4      -276.4
   16.266   3.698        49.3      -273.4
   15.093   6.685        93.9      -263.6
   13.336   9.255       137.7      -246.7
   11.234  11.371       192.3      -209.6
    9.014  13.225       248.5      -145.5
    6.637  15.003       285.1       -70.3
    3.861  16.575       293.4       -10.4
    0.583  17.523       285.5        25.8
   -2.980  17.514       275.4        55.8
   -6.483  16.555       260.7        98.2
   -9.702  14.847       233.7       148.7
  -12.509  12.519       198.4       190.9
  -14.719   9.627       163.3       220.3
  -16.151   6.334       124.7       244.8
  -16.803   2.906        72.0       266.1
  -16.819  -0.465         8.4       276.4
  -16.266  -3.698       -49.3       273.4
  -15.093  -6.685       -93.9       263.6
  -13.336  -9.255      -137.7       246.7
  -11.234 -11.371      -192.3       209.6
   -9.014 -13.225      -248.5       145.5
   -6.637 -15.003      -285.1        70.3
   -3.861 -16.575      -293.4        10.4
   -0.583 -17.523      -285.5       -25.8
    2.980 -17.514      -275.4       -55.8
    6.483 -16.555      -260.7       -98.2
    9.702 -14.847      -233.7      -148.7
   12.509 -12.519      -198.4      -190.9
   14.719  -9.627      -163.3      -220.3
   16.151  -6.334      -124.7      -244.8
   16.803  -2.906       -72.0      -266.1
   17.327   0.698        -4.5      -273.6
   16.692   4.031        54.2      -270.2
   15.438   7.086        99.3      -258.7
   13.577   9.678       140.3      -241.8
   11.372  11.737       190.4      -209.0
    9.126  13.488       244.7      -151.3
    6.830  15.218       283.8       -79.8
    4.171  16.875       295.2       -18.1
    0.913  18.007       287.0        22.3
   -2.777  18.151       274.4        53.8
   -6.485  17.228       259.2        95.2
   -9.905  15.464       232.9       145.6
  -12.888  13.028       196.5       189.3
  -15.248   9.976       158.6       219.2
  -16.759   6.471       118.8       242.6
  -17.392   2.830        67.3       263.1
  -17.327  -0.698         4.5       273.6
  -16.692  -4.032       -54.2       270.2
  -15.438  -7.086       -99.3       258.7
  -13.577  -9.678      -140.3       241.8
  -11.372 -11.737      -190.4       209.0
   -9.126 -13.488      -244.7       151.3
   -6.830 -15.218      -283.8        79.8
   -4.171 -16.875      -295.2        18.1
   -0.913 -18.007      -287.0       -22.3
    2.777 -18.151      -274.4       -53.8
    6.485 -17.228      -259.2       -95.2
    9.905 -15.464      -232.9      -145.6
   12.889 -13.028      -196.5      -189.3
   15.248  -9.976      -158.6      -219.2
   16.759  -6.471      -118.8      -242.6
   17.392  -2.830       -67.3      -263.1
   17.886   0.873        -2.5      -270.9
   17.167   4.330        56.4      -268.0
   15.833   7.472       103.3      -254.8
   13.887  10.139       143.8      -236.1
   11.574  12.227       190.3      -205.7
    9.234  13.919       241.9      -154.9
    6.930  15.543       282.2       -88.9
    4.354  17.157       297.1       -26.4
    1.171  18.373       289.2        19.3
   -2.570  18.667       273.6        53.9
   -6.446  17.831       256.9        93.6
  -10.051  16.043       232.2       142.1
  -13.186  13.521       196.2       186.6
  -15.680  10.352       155.6       217.8
  -17.309   6.681       113.3       240.5
  -17.991   2.836        62.9       259.8
  -17.886  -0.873         2.5       270.9
  -17.167  -4.330       -56.4       268.0
  -15.833  -7.472      -103.3       254.8
  -13.887 -10.139      -143.8       236.1
  -11.574 -12.227      -190.3       205.7
   -9.234 -13.919      -241.9       154.8
   -6.930 -15.543      -282.2        88.9
   -4.354 -17.157      -297.1        26.4
   -1.171 -18.373      -289.2       -19.3
    2.570 -18.667      -273.6       -53.9
    6.446 -17.831      -256.9       -93.6
   10.051 -16.043      -232.2      -142.1
   13.186 -13.521      -196.2      -186.6
   15.680 -10.352      -155.6      -217.8
   17.309  -6.681      -113.3      -240.5
   17.991  -2.836       -62.9      -259.8
   18.492   0.993        -1.7      -267.6
   17.680   4.599        56.0      -266.2
   16.250   7.835       105.6      -251.9
   14.235  10.602       147.9      -230.1
   11.828  12.789       192.0      -200.3
    9.355  14.489       240.0      -156.0
    6.956  15.989       280.2       -97.1
    4.408  17.450       298.5       -35.4
    1.334  18.643       292.4        16.3
   -2.371  19.069       273.7        55.9
   -6.364  18.378       254.0        94.1
  -10.153  16.612       230.6       138.6
  -13.431  14.014       196.7       182.5
  -16.041  10.747       154.1       215.7
  -17.805   6.953       108.4       238.4
  -18.596   2.923        58.5       256.3
  -18.492  -0.993         1.7       267.6
  -17.680  -4.599       -56.0       266.2
  -16.250  -7.835      -105.6       251.9
  -14.235 -10.602      -147.9       230.1
  -11.828 -12.789      -192.0       200.3
   -9.355 -14.489      -240.0       156.0
   -6.956 -15.989      -280.2        97.1
   -4.408 -17.450      -298.5        35.4
   -1.334 -18.643      -292.4       -16.3
    2.371 -19.069      -273.7       -55.9
    6.364 -18.377      -254.0       -94.1
   10.153 -16.612      -230.6      -138.6
   13.431 -14.014      -196.7      -182.5
   16.041 -10.747      -154.1      -215.7
   17.805  -6.953      -108.4      -238.4
   18.596  -2.923       -58.5      -256.3
   19.132   1.064        -1.5      -263.2
   18.228   4.861        54.2      -263.3
   16.677   8.213       106.6      -249.0
   14.587  11.090       152.3      -224.2
   12.099  13.411       195.2      -193.7
    9.475  15.168       239.3      -155.0
    6.921  16.548       278.2      -104.1
    4.342  17.782       299.5       -44.9
    1.392  18.842       296.4        12.0
   -2.181  19.353       276.0        58.2
   -6.203  18.854       251.8        96.4
  -10.161  17.188       227.7       135.7
  -13.612  14.548       196.1       177.1
  -16.356  11.186       153.2       212.0
  -18.267   7.283       104.5       235.8
  -19.200   3.079        54.5       252.2
  -19.132  -1.064         1.5       263.2
  -18.228  -4.861       -54.2       263.3
  -16.677  -8.213      -106.6       249.0
  -14.587 -11.090      -152.3       224.2
  -12.099 -13.411      -195.2       193.7
   -9.475 -15.168      -239.3       155.0
   -6.921 -16.548      -278.2       104.1
   -4.342 -17.782      -299.5        44.9
   -1.392 -18.842      -296.4       -12.0
    2.181 -19.353      -276.0       -58.2
    6.203 -18.854      -251.8       -96.4
   10.161 -17.188      -227.7      -135.7
   13.612 -14.548      -196.1      -177.1
   16.356 -11.186      -153.2      -212.0
   18.267  -7.282      -104.5      -235.8
   19.200  -3.079       -54.5      -252.2
   19.768   1.011        -1.8      -259.1
   18.832   5.010        52.3      -259.8
   17.199   8.526       106.6      -245.9
   15.039  11.554       155.1      -219.6
   12.459  14.038       197.4      -188.2
    9.658  15.895       237.9      -153.1
    6.883  17.204       274.7      -108.5
    4.170  18.215       297.6       -52.4
    1.256  19.063       298.1         7.5
   -2.178  19.535       278.5        59.5
   -6.123  19.164       251.3        99.9
  -10.149  17.638       224.8       136.0
  -13.745  15.036       193.8       174.0
  -16.632  11.635       151.9       208.8
  -18.686   7.657       102.4       233.5
  -19.762   3.326        52.4       249.1
  -19.768  -1.011         1.8       259.1
  -18.832  -5.010       -52.3       259.8
  -17.199  -8.526      -106.6       245.9
  -15.039 -11.554      -155.1       219.6
  -12.459 -14.038      -197.4       188.2
   -9.658 -15.895      -237.9       153.1
   -6.883 -17.204      -274.7       108.5
   -4.170 -18.215      -297.6        52.4
   -1.256 -19.063      -298.1        -7.5
    2.178 -19.535      -278.5       -59.5
    6.123 -19.164      -251.3       -99.9
   10.149 -17.638      -224.8      -136.0
   13.745 -15.036      -193.8      -174.0
   16.632 -11.635      -151.9      -208.8
   18.686  -7.657      -102.4      -233.5
   19.762  -3.326       -52.4      -249.1
   20.385   0.881        -2.2      -255.9
   19.465   5.070        50.9      -256.8
   17.793   8.768       106.2      -243.3
   15.575  11.970       156.3      -216.4
   12.897  14.628       198.2      -184.5
    9.915  16.605       235.8      -151.4
    6.896  17.892       270.4      -111.1
    3.986  18.727       294.0       -57.8
    1.016  19.354       297.2         3.4
   -2.337  19.702       279.7        59.6
   -6.177  19.364       251.6       103.1
  -10.188  17.955       222.7       138.5
  -13.869  15.439       191.0       173.7
  -16.885  12.054       149.8       207.1
  -19.078   8.038       100.9       231.7
  -20.287   3.613        51.4       246.7
  -20.385  -0.881         2.2       255.9
  -19.465  -5.070       -50.9       256.8
  -17.793  -8.768      -106.2       243.3
  -15.575 -11.970      -156.3       216.4
  -12.897 -14.628      -198.2       184.5
   -9.915 -16.605      -235.8       151.4
   -6.896 -17.892      -270.4       111.1
   -3.986 -18.727      -294.0        57.8
   -1.016 -19.354      -297.2        -3.4
    2.337 -19.702      -279.7       -59.6
    6.177 -19.364      -251.6      -103.1
   10.188 -17.955      -222.7      -138.5
   13.869 -15.439      -191.0      -173.7
   16.885 -12.054      -149.8      -207.1
   19.078  -8.038      -100.9      -231.7
   20.287  -3.613       -51.4      -246.7
   20.954   0.718        -2.4      -254.8
   20.087   5.046        49.8      -255.4
   18.423   8.904       105.2      -242.2
   16.175  12.271       156.0      -215.4
   13.422  15.095       197.4      -183.2
   10.287  17.208       232.9      -150.7
    7.041  18.541       265.3      -112.4
    3.895  19.297       288.5       -60.9
    0.767  19.759       293.4         0.5
   -2.623  19.952       278.2        59.1
   -6.420  19.549       250.8       105.4
  -10.392  18.166       220.9       141.7
  -14.093  15.705       188.4       175.8
  -17.177  12.352       147.7       207.8
  -19.459   8.333        99.7       231.8
  -20.766   3.867        50.8       246.4
  -20.954  -0.718         2.4       254.8
  -20.087  -5.046       -49.8       255.4
  -18.423  -8.904      -105.2       242.2
  -16.175 -12.271      -156.0       215.4
  -13.422 -15.095      -197.4       183.2
  -10.287 -17.208      -232.9       150.7
   -7.041 -18.541      -265.3       112.4
   -3.895 -19.297      -288.5        60.9
   -0.767 -19.759      -293.4        -0.5
    2.623 -19.952      -278.2       -59.1
    6.420 -19.549      -250.8      -105.4
   10.392 -18.166      -220.9      -141.7
   14.093 -15.705      -188.4      -175.8
   17.177 -12.352      -147.7      -207.8
   19.459  -8.333       -99.7      -231.8
   20.766  -3.867       -50.8      -246.4
   21.484   0.575        -2.1      -254.5
   20.679   5.018        49.5      -254.5
   19.033   9.022       104.2      -241.7
   16.756  12.533       155.0      -215.7
   13.936  15.488       196.3      -183.5
   10.685  17.720       230.7      -150.6
    7.257  19.133       261.3      -112.4
    3.890  19.884       283.6       -62.1
    0.569  20.248       289.5        -1.5
   -2.923  20.298       276.3        57.9
   -6.726  19.787       250.3       106.4
  -10.671  18.372       220.0       144.4
  -14.374  15.931       186.5       178.3
  -17.500  12.596       145.9       209.2
  -19.844   8.572        98.7       232.6
  -21.220   4.077        50.3       246.9
  -21.484  -0.575         2.1       254.5
  -20.679  -5.018       -49.5       254.5
  -19.033  -9.022      -104.2       241.7
  -16.756 -12.533      -155.0       215.7
  -13.936 -15.488      -196.3       183.5
  -10.685 -17.720      -230.7       150.6
   -7.257 -19.133      -261.3       112.4
   -3.889 -19.884      -283.6        62.1
   -0.569 -20.248      -289.5         1.5
    2.923 -20.298      -276.3       -57.9
    6.726 -19.787      -250.3      -106.4
   10.671 -18.372      -220.0      -144.4
   14.374 -15.931      -186.5      -178.3
   17.500 -12.596      -145.9      -209.2
   19.844  -8.572       -98.7      -232.6
   21.220  -4.077       -50.3      -246.9
   22.017   0.437        -1.6      -252.9
   21.269   5.019        49.5      -252.4
   19.626   9.185       103.2      -240.2
   17.291  12.839       153.3      -215.5
   14.379  15.899       194.9      -184.0
   11.015  18.215       229.1      -150.2
    7.438  19.697       258.6      -111.4
    3.886  20.467       280.1       -61.8
    0.391  20.766       286.7        -2.8
   -3.200  20.688       275.5        56.3
   -7.007  20.063       251.0       106.3
  -10.916  18.610       220.3       146.3
  -14.615  16.193       185.4       180.4
  -17.791  12.883       144.3       210.1
  -20.212   8.850        97.7       232.3
  -21.672   4.306        49.8       245.9
  -22.017  -0.437         1.6       252.9
  -21.269  -5.019       -49.5       252.4
  -19.626  -9.185      -103.2       240.2
  -17.291 -12.839      -153.3       215.5
  -14.379 -15.899      -194.9       184.0
  -11.015 -18.215      -229.1       150.2
   -7.438 -19.697      -258.6       111.4
   -3.886 -20.467      -280.1        61.8
   -0.391 -20.766      -286.7         2.8
    3.200 -20.688      -275.5       -56.3
    7.007 -20.063      -251.0      -106.3
   10.916 -18.610      -220.3      -146.3
   14.615 -16.193      -185.4      -180.4
   17.791 -12.883      -144.3      -210.1
   20.212  -8.850       -97.7      -232.3
   21.672  -4.306       -49.8      -245.9
