1 1000.0
5 0 0.003 2.0 10.0
0 0 0 0 0 0 0 0 0 0
  1.3397E-10 -3.0145E-01  3.9917E-01 -3.7453E-05 -1.9479E-02 -1.4835E-02 -3.0289E-06
  1.5803E-10 -2.1565E-01  4.5026E-01 -3.0638E-05 -2.2208E-02 -1.0648E-02  1.9291E-06
  2.8008E-10  3.1539E-02 -5.1769E-01  3.7414E-05  2.3829E-02  1.1562E-03  8.6196E-07
  1.3411E-09  3.7223E-01  3.5817E-01  5.3319E-05 -1.6814E-02  1.6992E-02  2.2130E-06
  9.2702E-08 -4.7607E-01  1.7760E-01  2.0324E-06 -8.0926E-03 -2.2951E-02 -8.3973E-08
  1.5804E-10  8.4148E-02  5.3838E-01 -1.4378E-05 -2.3036E-02  3.7652E-03  8.0683E-07
  1.3748E-09 -4.8295E-01  2.4785E-01  2.9269E-05 -1.0513E-02 -2.0923E-02  9.4433E-08
  3.8035E-07  1.6754E-01  5.2554E-01  9.5389E-07 -2.1944E-02  7.0787E-03  5.5776E-09
  1.7806E-07  8.4349E-02  5.7726E-01  2.6308E-05 -2.2516E-02  3.1295E-03 -4.3530E-07
  2.4631E-07  4.0496E-01 -4.3642E-01 -1.5099E-06  1.6038E-02  1.5484E-02  1.0322E-07
  1.1720E-10 -6.1317E-01 -2.0355E-01  1.4546E-04  6.4626E-03 -2.0289E-02  9.8775E-08
  6.3146E-10 -1.6058E-01 -6.1764E-01  2.5218E-04  2.0809E-02 -5.6380E-03  1.9925E-06
  3.1045E-07 -2.0596E-01 -6.1368E-01  1.4508E-06  2.0143E-02 -6.7846E-03 -2.5522E-07
  1.5881E-10  6.8347E-01  1.1755E-01  1.4966E-04 -3.4097E-03  2.0230E-02  4.7968E-06
  3.9832E-10  1.7446E-01  6.6362E-01  2.9023E-04 -2.0185E-02  5.3606E-03 -2.4965E-06
  2.7008E-07 -5.3925E-01  4.1714E-01 -2.8892E-06 -1.2866E-02 -1.6607E-02  4.6820E-07
  1.5243E-09  5.6576E-01  4.1166E-01 -1.3264E-04 -1.1764E-02  1.6890E-02  5.4749E-06
  6.7212E-08  4.4347E-01  5.6596E-01  1.5637E-04 -1.6546E-02  1.1323E-02 -9.2707E-06
  4.0149E-08  7.3333E-01 -1.3661E-01 -3.7234E-04  3.9846E-03  1.9174E-02 -8.3853E-06
  1.7086E-10 -6.6724E-01 -3.4635E-01  1.9788E-05  8.8927E-03 -1.7769E-02  2.7983E-07
  2.2962E-10  1.3266E-01 -7.3472E-01  1.2996E-04  1.9717E-02  3.4133E-03  4.1687E-06
  3.4598E-07 -4.3451E-01 -6.2826E-01  2.9075E-05  1.6101E-02 -1.1075E-02  5.4106E-07
  1.7203E-10  6.1943E-01  4.2577E-01 -3.9849E-05 -1.1246E-02  1.6755E-02 -1.0452E-05
  3.8074E-10 -7.9343E-01 -1.5902E-01  1.5935E-04  3.1707E-03 -1.8707E-02  3.1742E-07
  2.2351E-08 -4.0912E-01 -6.3579E-01  6.3601E-05  1.7465E-02 -1.0686E-02 -7.4147E-06
  4.1815E-07 -7.6873E-01  2.7182E-01  5.0081E-06 -6.6526E-03 -1.7829E-02 -1.1593E-07
  1.2014E-10  5.9848E-02 -8.3946E-01 -1.3021E-05  1.8515E-02  1.3339E-03 -5.0156E-08
  1.8301E-10 -8.3316E-01  6.6255E-02 -1.3265E-04 -9.7009E-04 -1.8758E-02 -5.5602E-07
  3.0307E-10  4.1418E-01  7.7030E-01 -2.3806E-05 -1.6057E-02  9.0773E-03  1.6197E-06
  4.3048E-07  2.8023E-01  8.1669E-01 -8.6274E-06 -1.7663E-02  5.9950E-03 -5.7837E-08
  1.2405E-10 -5.4739E-01  6.5418E-01 -1.1362E-04 -1.5531E-02 -1.0814E-02  8.5035E-06
  2.4757E-10 -8.9961E-01 -1.3141E-01  3.4617E-04  2.8547E-03 -1.7559E-02  4.3951E-06
  1.3353E-10  8.9213E-01 -1.8413E-01 -1.0600E-04  3.5880E-03  1.7842E-02  3.0645E-06
  5.5337E-08  9.1673E-01 -3.6500E-02  2.6954E-04  1.4196E-03  1.8110E-02  7.4517E-06
  1.8480E-10  7.9372E-01  5.5795E-01  5.1487E-05 -1.0354E-02  1.3947E-02 -5.5543E-06
  1.8201E-10  3.1692E-01  8.9262E-01  8.3124E-05 -1.6834E-02  5.9320E-03  2.6213E-07
  1.9539E-10  7.6930E-01  5.6753E-01  8.9545E-05 -1.0316E-02  1.4395E-02  2.4455E-06
  2.6515E-10 -9.0019E-01 -4.2044E-01  8.9336E-06  7.0247E-03 -1.5498E-02  1.8349E-07
  2.8061E-10 -9.2797E-01 -3.8646E-01 -7.1150E-05  6.4134E-03 -1.5538E-02  4.2025E-06
  5.2918E-10 -3.3945E-01 -8.8800E-01  1.4208E-04  1.6657E-02 -6.2019E-03 -6.3095E-06
  1.4442E-09 -7.9868E-01 -5.7394E-01  6.9954E-05  1.0242E-02 -1.3826E-02  3.9423E-07
  4.3463E-07 -1.1049E-01  9.5557E-01  1.6789E-06 -1.7473E-02 -1.9297E-03 -2.5218E-11
  1.9968E-10  9.0668E-01 -4.4388E-01  7.6136E-05  7.3953E-03  1.5136E-02  5.6802E-06
  8.1976E-10  8.7867E-01 -3.7673E-01 -1.8997E-04  7.2232E-03  1.6242E-02  1.2238E-06
  1.4361E-09 -8.0823E-01  4.7075E-01  1.5680E-04 -8.6716E-03 -1.6004E-02  7.8956E-07
  1.8175E-10 -2.6854E-01 -9.6451E-01  3.6040E-04  1.6407E-02 -4.8501E-03  3.2697E-06
  1.6646E-09  7.2656E-01  7.0612E-01 -4.8997E-05 -1.2234E-02  1.1883E-02  1.2225E-05
  2.6245E-10 -7.0803E-02 -1.0370E+00  2.2465E-04  1.6635E-02 -9.1885E-04 -2.2961E-07
  4.5024E-10 -1.0058E+00 -4.2209E-02  1.7398E-04  1.1562E-03 -1.7150E-02  1.7939E-06
  1.6064E-10  6.8312E-01 -7.5560E-01  2.0537E-04  1.3079E-02  1.0961E-02 -1.2125E-06
  2.6541E-10 -5.2806E-01 -8.9719E-01 -1.9911E-04  1.4455E-02 -8.3672E-03 -3.6887E-06
  2.8702E-10  5.8232E-01 -8.4475E-01  9.0498E-05  1.3828E-02  9.9569E-03  5.0440E-06
  1.2098E-07  6.5525E-01  8.1804E-01 -1.1996E-05 -1.3213E-02  1.0340E-02 -4.5708E-07
  3.2755E-07  3.0591E-01  1.0037E+00  8.2513E-08 -1.6051E-02  4.7885E-03 -2.9212E-08
  2.5474E-10  4.8778E-01 -9.3711E-01 -8.1955E-06  1.4967E-02  7.4268E-03  3.9315E-06
  7.2577E-10 -1.0303E+00 -4.3568E-02  3.6520E-04  1.0185E-03 -1.7059E-02 -2.7917E-06
  1.5969E-10  1.0478E+00 -7.8496E-02 -3.7180E-04  8.2173E-04  1.6858E-02  5.4956E-06
  2.4532E-10 -8.7813E-01  5.5606E-01  2.3305E-04 -9.1649E-03 -1.4379E-02 -1.0885E-05
  4.7404E-10  1.8213E-01  1.0403E+00 -4.6215E-04 -1.6767E-02  2.2914E-03 -2.5996E-06
  3.1439E-10  9.1995E-01 -5.6014E-01 -2.2549E-04  9.1798E-03  1.3874E-02 -5.1674E-06
  2.6249E-10 -9.5144E-01  5.0973E-01  6.8239E-05 -8.4110E-03 -1.4407E-02 -5.4773E-06
  3.1929E-10  7.0991E-01  8.8193E-01  2.5767E-04 -1.2389E-02  1.0000E-02  2.9921E-06
  1.3959E-08  1.6342E-01 -1.0305E+00  5.2828E-04  1.6955E-02  3.0449E-03 -3.2875E-06
  2.3133E-10  8.3519E-02 -1.1182E+00  2.8154E-04  1.6062E-02  1.5054E-03  4.3834E-06
  2.4184E-07 -5.7614E-02 -1.1070E+00 -4.4374E-06  1.6265E-02 -1.0353E-03 -9.3966E-08
  1.6059E-10 -1.1377E+00  7.3543E-02 -2.6459E-04 -1.1270E-03 -1.5867E-02  4.3498E-07
  1.7031E-10  1.0263E+00  4.9960E-01  3.0175E-04 -6.9747E-03  1.4299E-02  7.6847E-07
  1.3943E-09 -1.1632E+00 -2.4922E-01 -6.5243E-04  1.8694E-03 -1.5088E-02  1.2450E-06
  6.4778E-10  9.9482E-01 -5.0469E-01 -3.0315E-04  7.1428E-03  1.4800E-02  2.2505E-06
  1.3036E-10 -1.1593E+00  1.8933E-01  8.1608E-04 -2.8984E-03 -1.5531E-02  1.7970E-06
  1.6624E-10 -1.1282E+00  3.4655E-01  5.4142E-05 -4.3810E-03 -1.5108E-02  1.5905E-06
  3.8125E-10 -1.1412E+00 -8.7229E-02  4.7505E-05  1.1217E-03 -1.6187E-02 -2.1364E-07
  3.2608E-07 -1.1064E+00  3.8883E-01 -1.4398E-06 -5.2374E-03 -1.4940E-02  1.9655E-08
  3.7936E-10 -9.9649E-01  6.4190E-01 -4.0261E-04 -8.1415E-03 -1.3499E-02 -2.0840E-06
  5.2764E-09  1.2051E+00 -1.9182E-01 -5.2744E-05  1.9902E-03  1.5189E-02  1.0957E-07
  2.7586E-10 -4.2379E-01 -1.1631E+00  1.1868E-05  1.4450E-02 -4.8713E-03  1.3722E-06
  4.7351E-10 -1.2274E+00  1.7872E-01 -3.6708E-04 -1.9019E-03 -1.5224E-02 -8.2508E-07
  1.1314E-09  1.1237E+00  4.5767E-01 -2.8699E-04 -5.9275E-03  1.4596E-02  8.9582E-06
  1.7350E-09  1.2399E+00 -8.8269E-02  3.8597E-05  1.3068E-03  1.5329E-02  6.8829E-07
  2.7372E-07 -5.2838E-01  1.1119E+00 -1.4151E-06 -1.4014E-02 -6.6739E-03  2.0401E-08
  6.0383E-10  9.2992E-01 -7.8554E-01  3.8041E-04  1.0085E-02  1.2100E-02  8.2990E-06
  6.9854E-10 -8.3670E-01 -8.9604E-01 -2.3307E-04  1.1590E-02 -1.0568E-02  3.2807E-06
  1.6559E-09  1.0811E+00  7.0426E-01  4.0116E-05 -8.1863E-03  1.2386E-02  5.0548E-06
  2.5556E-10 -7.4582E-01 -9.6687E-01  3.3314E-05  1.2291E-02 -9.8800E-03  4.5563E-06
  1.6589E-10 -1.1921E+00 -3.9080E-01 -2.4546E-04  4.4743E-03 -1.4758E-02 -4.6217E-06
  1.8553E-10 -1.0297E+00 -7.3480E-01  1.4870E-04  9.1572E-03 -1.2228E-02 -7.1951E-07
  1.9120E-10 -1.0692E+00  6.5579E-01  3.1323E-04 -7.6980E-03 -1.3353E-02 -2.7672E-06
  2.3446E-10 -2.6636E-01 -1.2444E+00  3.9214E-04  1.4771E-02 -3.5188E-03  4.4288E-07
  2.3593E-10  1.1610E-01  1.2857E+00 -2.6789E-04 -1.4891E-02  1.4942E-03 -3.8345E-06
  2.9412E-10 -1.2425E+00  2.6712E-01 -5.7486E-05 -3.4759E-03 -1.4809E-02  4.3124E-06
  5.0734E-09  9.7289E-01 -7.8048E-01 -2.8801E-04  9.7271E-03  1.2051E-02 -4.2078E-06
  5.5698E-08 -1.1652E+00 -5.0794E-01  2.2012E-06  6.1619E-03 -1.3905E-02  3.1468E-09
  1.7594E-10 -1.1781E+00 -4.2114E-01  3.0833E-04  5.1983E-03 -1.4601E-02 -2.6990E-06
  2.3534E-10  1.0511E+00  6.6963E-01 -2.9191E-05 -8.4916E-03  1.3064E-02  2.4509E-06
  3.9236E-10  1.2396E+00  1.5259E-01  3.3497E-05 -1.9725E-03  1.5424E-02  3.0362E-06
  7.3028E-10  1.2696E+00 -1.3238E-02 -5.4278E-05 -1.0566E-04  1.5327E-02 -2.0818E-06
  2.0137E-10 -1.2578E+00  3.8034E-01  1.8223E-04 -4.3808E-03 -1.4162E-02 -6.0754E-07
  2.5261E-10  1.5645E-01  1.2618E+00 -3.1162E-04 -1.5202E-02  2.1079E-03  6.6915E-07
  2.5848E-10  1.2754E+00 -1.3554E-01  1.6137E-05  1.2129E-03  1.5149E-02  1.7880E-07
  2.7315E-10  9.6842E-01  8.0487E-01  9.2481E-06 -9.6708E-03  1.2053E-02 -6.8995E-07
  1.7712E-10  1.1463E+00 -5.5152E-01 -2.8107E-04  6.7997E-03  1.3821E-02 -2.6161E-06
  3.0617E-10  1.2767E+00 -2.8188E-01  2.8511E-04  2.8677E-03  1.4689E-02  1.6819E-06
  1.2430E-09 -1.1533E+00  5.2257E-01  8.2144E-05 -6.3679E-03 -1.4097E-02  4.5879E-06
  1.9864E-10  1.2588E+00  4.6749E-01 -9.4788E-05 -5.0208E-03  1.3746E-02  2.1617E-06
  2.5110E-10  1.1119E+00 -7.2269E-01 -3.7837E-06  7.8627E-03  1.2523E-02 -1.7536E-06
  2.6357E-10  1.3385E+00 -1.1049E-01 -1.9167E-05  1.7481E-03  1.4545E-02 -4.1929E-06
  3.0629E-10  1.0309E+00  7.2879E-01 -2.2282E-04 -9.4472E-03  1.2346E-02  6.3389E-07
  8.1240E-09 -1.3085E+00  5.8006E-02  1.1790E-06 -7.7761E-04 -1.4960E-02 -5.0416E-08
  1.8597E-10  1.6732E-01  1.2947E+00 -2.4877E-05 -1.4914E-02  2.3173E-03  7.5664E-07
  2.7770E-10  1.3586E+00  2.6585E-02  1.2904E-04 -8.3508E-04  1.4496E-02  5.2546E-07
  4.2289E-10 -8.5332E-02 -1.3045E+00 -2.3508E-04  1.5021E-02 -1.4290E-03  8.5620E-07
  1.0311E-09  1.0816E+00  8.1723E-01  7.4133E-04 -9.1067E-03  1.1437E-02  2.8924E-06
  1.9490E-10  1.1566E+00  7.1661E-01  1.7255E-04 -7.4892E-03  1.2532E-02 -4.1938E-06
  2.5580E-10  5.8586E-01  1.1891E+00 -1.4930E-04 -1.3422E-02  6.9119E-03  3.2725E-06
  1.2522E-10 -3.0103E-01 -1.3485E+00  3.6616E-04  1.4111E-02 -3.6165E-03  1.4808E-06
  3.0219E-07  1.2740E+00  4.7660E-01  0.0000E+00 -5.1564E-03  1.3835E-02  0.0000E+00
  1.4289E-10  9.4716E-01  1.0942E+00  2.7664E-05 -1.0938E-02  8.9123E-03  8.6189E-07
  2.7476E-10 -2.3181E-01 -1.3545E+00  6.6545E-04  1.4660E-02 -2.4858E-03  2.4332E-06
  1.9759E-07 -8.5012E-02  1.4101E+00 -1.6539E-06 -1.4512E-02 -8.1706E-04 -1.8882E-08
  2.9706E-10  1.7040E-03  1.3970E+00 -1.9415E-04 -1.4742E-02  6.3256E-04 -1.1646E-06
  1.3492E-10  1.3383E+00  4.1260E-01 -4.2436E-04 -4.3215E-03  1.4092E-02 -2.8589E-06
  1.2668E-09 -1.1791E+00  7.6923E-01  1.6436E-04 -8.0789E-03 -1.2290E-02  5.3534E-07
  1.1791E-10  1.1954E+00  7.1670E-01 -1.3993E-04 -7.0175E-03  1.3210E-02 -5.2250E-07
  1.1648E-10  5.5921E-01  1.4029E+00 -9.2887E-05 -1.2823E-02  5.3081E-03 -7.2734E-07
  1.2097E-10 -1.3685E+00  6.0714E-01 -8.8426E-06 -5.4339E-03 -1.2894E-02 -1.1942E-07
  2.3515E-07 -1.7449E-01  1.4690E+00  0.0000E+00 -1.4069E-02 -1.6584E-03  0.0000E+00
  1.2213E-10  1.0762E+00  1.0241E+00  8.9741E-05 -9.4479E-03  1.0531E-02  2.9898E-06
  1.2858E-10 -8.4649E-01  1.2511E+00  2.2371E-04 -1.1432E-02 -7.9722E-03 -1.9170E-06
