  10
  3
  0.00000000000000E+00
  1.00000000000000E-01
  1.00000000000000E-01
  1.00000000000000E-01
  1.00000000000000E-01
  1.00000000000000E-01
  1.00000000000000E-01
  1.00000000000000E-01
  1.00000000000000E-01
  1.00000000000000E-01
  1.00000000000000E-01
 -3.78523467707553E-02  2.75862722943755E-01 -1.35633970279583E-01
 -6.84715803051279E-02  6.19459272586718E-02  2.48914493249090E-01
  1.14344255038708E+00  1.55302654931421E-01 -1.64079069690702E-02
  2.13286010803123E-01 -1.47928500498816E-01 -1.30048825760647E-01
  2.49336559226020E-01 -6.24301795619420E-01  5.74234044241331E-01
 -4.91330922315854E-02 -1.13294218236829E-01 -6.31858400816302E-02
  4.23280066757479E-02 -6.51678883178054E-01 -4.81533590255187E-01
 -4.63400230790097E-01  1.16432772186979E+00 -3.78299897572897E-01
 -5.27461466221341E-01 -3.12480554030594E-01  8.26990344543663E-01
 -5.02074410773059E-01  1.92244924560079E-01 -4.45028851115070E-01
 -1.77427001827430E-01  1.80082858691659E-01  2.92625340525113E-02
 -1.62364538977055E-01  5.05001185035492E-01 -3.32983844774130E-01
 -5.20532868085127E-01  2.45084787576408E-03 -3.80662791122337E-02
 -5.05831814709775E-01 -5.16933926805231E-01  1.01930453144178E+00
 -3.84080217164338E-01  4.21685389641273E-01 -1.87356525594245E-01
  1.00210257687925E+00  4.83661545148156E-01  3.15344131689091E-01
  3.42863126497774E-01 -4.79526324699621E-01  3.32578656794265E-01
  3.47409615971425E-01  5.75805635656648E-03 -4.96180198805969E-01
  2.79627849770369E-02 -5.22525477495673E-01 -8.13862825628540E-01
  2.98983364382417E-02 -7.96541537483857E-02  1.71959819937468E-01
