#----------------------------------------------------------------------
# Rotation curve for Sersic bulge of sersic:n=1          
#----------------------------------------------------------------------

#      Central R-band surface magnitude:   Mu_0 =    15.000000
#      Characteristic radius:               R_0 =     1.000000 "
#      Sersic index:                          n =     1.000000

#      Assumed inclination:                   i =     0.000000 deg
#      Assumed intrinsic axis-ratio:        B/A =     1.000000
#      Assumed distance:                      D =    10.000000 Mpc

#      Total integrated mass:             M_inf = 0.323728D+09 Msun
#      Total apparent R-band magnitude:  Mu_inf =    13.004550

#              1 arcsec corresponds to              48.470001 pc
#                 1 kpc corresponds to              20.631318 " 

#----------------------------------------------------------------------
#    radius     intensity      density         mass        velocity
#    (kpc)      (kg/m^2)       (kg/m^3)       (Msun)        (km/s) 
#----------------------------------------------------------------------
    0.000000  0.000000D+00  0.000000D+00  0.000000D+00  0.000000D+00
    0.010000  0.372724D+02  0.166871D-16  0.601157D+07  0.229647D+02
    0.020000  0.303240D+02  0.105111D-16  0.210323D+08  0.378517D+02
    0.030000  0.246709D+02  0.730229D-17  0.414943D+08  0.489860D+02
    0.040000  0.200717D+02  0.526993D-17  0.648467D+08  0.574976D+02
    0.050000  0.163299D+02  0.389610D-17  0.893008D+08  0.640529D+02
    0.060000  0.132857D+02  0.292641D-17  0.113634D+09  0.690870D+02
    0.070000  0.108089D+02  0.222292D-17  0.137042D+09  0.729155D+02
    0.080000  0.879391D+01  0.170931D-17  0.159024D+09  0.757799D+02
    0.090000  0.715454D+01  0.131824D-17  0.179298D+09  0.778771D+02
    0.100000  0.582077D+01  0.102198D-17  0.197737D+09  0.793314D+02
    0.110000  0.473566D+01  0.795698D-18  0.214320D+09  0.802628D+02
    0.120000  0.385283D+01  0.621740D-18  0.229099D+09  0.807714D+02
    0.130000  0.313458D+01  0.487288D-18  0.242170D+09  0.809311D+02
    0.140000  0.255022D+01  0.382907D-18  0.253656D+09  0.808149D+02
    0.150000  0.207481D+01  0.301566D-18  0.263694D+09  0.804727D+02
    0.160000  0.168802D+01  0.237976D-18  0.272425D+09  0.799488D+02
    0.170000  0.137333D+01  0.188124D-18  0.279987D+09  0.792884D+02
    0.180000  0.111731D+01  0.148948D-18  0.286512D+09  0.785161D+02
    0.190000  0.909023D+00  0.118094D-18  0.292125D+09  0.776607D+02
    0.200000  0.739561D+00  0.937503D-19  0.296938D+09  0.767405D+02
    0.210000  0.601691D+00  0.745096D-19  0.301055D+09  0.757794D+02
    0.220000  0.489523D+00  0.592793D-19  0.304568D+09  0.747855D+02
    0.230000  0.398265D+00  0.472070D-19  0.307559D+09  0.737735D+02
    0.240000  0.324020D+00  0.376261D-19  0.310101D+09  0.727573D+02
    0.250000  0.263615D+00  0.300137D-19  0.312257D+09  0.717367D+02
    0.260000  0.214472D+00  0.240509D-19  0.314083D+09  0.707243D+02
    0.270000  0.174489D+00  0.192139D-19  0.315626D+09  0.697218D+02
    0.280000  0.141961D+00  0.153595D-19  0.316930D+09  0.687360D+02
    0.290000  0.115496D+00  0.122856D-19  0.318029D+09  0.677674D+02
    0.300000  0.939652D-01  0.983232D-20  0.318954D+09  0.668200D+02
    0.310000  0.764481D-01  0.787305D-20  0.319733D+09  0.658946D+02
    0.320000  0.621965D-01  0.630728D-20  0.320387D+09  0.649906D+02
    0.330000  0.506017D-01  0.505523D-20  0.320936D+09  0.641112D+02
    0.340000  0.411685D-01  0.405347D-20  0.321396D+09  0.632537D+02
    0.350000  0.334938D-01  0.325155D-20  0.321782D+09  0.624248D+02
    0.360000  0.272498D-01  0.260929D-20  0.322105D+09  0.616160D+02
    0.370000  0.221698D-01  0.209465D-20  0.322375D+09  0.608347D+02
    0.380000  0.180369D-01  0.168210D-20  0.322601D+09  0.600736D+02
    0.390000  0.146744D-01  0.135125D-20  0.322790D+09  0.593387D+02
    0.400000  0.119388D-01  0.108581D-20  0.322947D+09  0.586225D+02
    0.410000  0.971314D-02  0.872774D-21  0.323078D+09  0.579330D+02
    0.420000  0.790240D-02  0.701734D-21  0.323188D+09  0.572599D+02
    0.430000  0.642922D-02  0.564366D-21  0.323279D+09  0.566074D+02
    0.440000  0.523068D-02  0.454006D-21  0.323355D+09  0.559787D+02
    0.450000  0.425556D-02  0.365316D-21  0.323418D+09  0.553646D+02
    0.460000  0.346223D-02  0.294022D-21  0.323471D+09  0.547690D+02
    0.470000  0.281680D-02  0.236694D-21  0.323515D+09  0.541909D+02
    0.480000  0.229169D-02  0.190586D-21  0.323551D+09  0.536322D+02
    0.490000  0.186447D-02  0.153491D-21  0.323581D+09  0.530872D+02
    0.500000  0.151689D-02  0.123641D-21  0.323606D+09  0.525596D+02
    0.510000  0.123411D-02  0.996157D-22  0.323627D+09  0.520492D+02
    0.520000  0.100404D-02  0.802734D-22  0.323644D+09  0.515483D+02
    0.530000  0.816868D-03  0.646983D-22  0.323659D+09  0.510618D+02
    0.540000  0.664586D-03  0.521541D-22  0.323671D+09  0.505884D+02
    0.550000  0.540693D-03  0.420490D-22  0.323681D+09  0.501269D+02
    0.560000  0.439896D-03  0.339072D-22  0.323689D+09  0.496827D+02
    0.570000  0.357890D-03  0.273461D-22  0.323695D+09  0.492457D+02
    0.580000  0.291171D-03  0.220579D-22  0.323701D+09  0.488191D+02
    0.590000  0.236891D-03  0.177948D-22  0.323706D+09  0.484039D+02
    0.600000  0.192729D-03  0.143577D-22  0.323709D+09  0.479987D+02
    0.610000  0.156800D-03  0.115860D-22  0.323713D+09  0.476060D+02
    0.620000  0.127569D-03  0.935060D-23  0.323715D+09  0.472206D+02
    0.630000  0.103787D-03  0.754744D-23  0.323717D+09  0.468435D+02
    0.640000  0.844392D-04  0.609274D-23  0.323719D+09  0.464760D+02
    0.650000  0.686979D-04  0.491901D-23  0.323721D+09  0.461161D+02
    0.660000  0.558911D-04  0.397185D-23  0.323722D+09  0.457649D+02
    0.670000  0.454718D-04  0.320742D-23  0.323723D+09  0.454262D+02
    0.680000  0.369949D-04  0.259039D-23  0.323724D+09  0.450908D+02
    0.690000  0.300982D-04  0.209229D-23  0.323724D+09  0.447640D+02
    0.700000  0.244873D-04  0.169013D-23  0.323725D+09  0.444430D+02
    0.710000  0.199223D-04  0.136541D-23  0.323726D+09  0.441279D+02
    0.720000  0.162084D-04  0.110319D-23  0.323726D+09  0.438194D+02
    0.730000  0.131868D-04  0.891405D-24  0.323726D+09  0.435178D+02
    0.740000  0.107285D-04  0.720345D-24  0.323726D+09  0.432218D+02
    0.750000  0.872845D-05  0.582163D-24  0.323727D+09  0.429371D+02
    0.760000  0.710127D-05  0.470529D-24  0.323727D+09  0.426536D+02
    0.770000  0.577744D-05  0.380334D-24  0.323727D+09  0.423748D+02
    0.780000  0.470040D-05  0.307453D-24  0.323727D+09  0.421023D+02
    0.790000  0.382414D-05  0.249501D-24  0.323727D+09  0.418341D+02
    0.800000  0.311124D-05  0.201728D-24  0.323727D+09  0.415709D+02
    0.810000  0.253124D-05  0.163114D-24  0.323727D+09  0.413131D+02
    0.820000  0.205936D-05  0.131902D-24  0.323727D+09  0.410595D+02
    0.830000  0.167545D-05  0.106670D-24  0.323727D+09  0.408108D+02
    0.840000  0.136311D-05  0.862704D-25  0.323728D+09  0.405662D+02
    0.850000  0.110900D-05  0.697770D-25  0.323728D+09  0.403305D+02
    0.860000  0.902255D-06  0.564407D-25  0.323728D+09  0.400945D+02
    0.870000  0.734055D-06  0.456564D-25  0.323728D+09  0.398625D+02
    0.880000  0.597211D-06  0.369350D-25  0.323728D+09  0.396385D+02
    0.890000  0.485878D-06  0.298815D-25  0.323728D+09  0.394164D+02
    0.900000  0.395300D-06  0.241765D-25  0.323728D+09  0.391965D+02
    0.910000  0.321607D-06  0.195619D-25  0.323728D+09  0.389802D+02
    0.920000  0.261653D-06  0.158290D-25  0.323728D+09  0.387673D+02
    0.930000  0.212875D-06  0.128092D-25  0.323728D+09  0.385596D+02
    0.940000  0.173191D-06  0.103661D-25  0.323728D+09  0.383537D+02
    0.950000  0.140904D-06  0.838942D-26  0.323728D+09  0.381518D+02
    0.960000  0.114636D-06  0.679004D-26  0.323728D+09  0.379520D+02
    0.970000  0.932657D-07  0.549586D-26  0.323728D+09  0.377555D+02
    0.980000  0.758790D-07  0.444858D-26  0.323728D+09  0.375634D+02
    0.990000  0.617335D-07  0.360105D-26  0.323728D+09  0.373726D+02
    1.000000  0.502250D-07  0.291514D-26  0.323728D+09  0.371850D+02
    1.010000  0.408620D-07  0.235999D-26  0.323728D+09  0.370001D+02
    1.020000  0.332444D-07  0.191066D-26  0.323728D+09  0.368177D+02
    1.030000  0.270469D-07  0.154694D-26  0.323728D+09  0.366383D+02
    1.040000  0.220048D-07  0.125253D-26  0.323728D+09  0.364634D+02
    1.050000  0.179026D-07  0.101419D-26  0.323728D+09  0.362892D+02
    1.060000  0.145652D-07  0.821242D-27  0.323728D+09  0.361173D+02
    1.070000  0.118499D-07  0.665030D-27  0.323728D+09  0.359476D+02
    1.080000  0.964083D-08  0.538556D-27  0.323728D+09  0.357806D+02
    1.090000  0.784357D-08  0.436152D-27  0.323728D+09  0.356177D+02
    1.100000  0.638136D-08  0.353235D-27  0.323728D+09  0.354553D+02
    1.110000  0.519174D-08  0.286092D-27  0.323728D+09  0.352947D+02
    1.120000  0.422388D-08  0.231722D-27  0.323728D+09  0.351366D+02
    1.130000  0.343646D-08  0.187691D-27  0.323728D+09  0.349802D+02
    1.140000  0.279583D-08  0.152033D-27  0.323728D+09  0.348264D+02
    1.150000  0.227463D-08  0.123154D-27  0.323728D+09  0.346747D+02
    1.160000  0.185059D-08  0.997643D-28  0.323728D+09  0.345262D+02
    1.170000  0.150560D-08  0.808198D-28  0.323728D+09  0.343779D+02
    1.180000  0.122492D-08  0.654750D-28  0.323728D+09  0.342317D+02
    1.190000  0.996569D-09  0.530456D-28  0.323728D+09  0.340871D+02
    1.200000  0.810787D-09  0.429771D-28  0.323728D+09  0.339444D+02
    1.210000  0.659638D-09  0.348210D-28  0.323728D+09  0.338037D+02
    1.220000  0.536667D-09  0.282136D-28  0.323728D+09  0.336645D+02
    1.230000  0.436621D-09  0.228608D-28  0.323728D+09  0.335296D+02
    1.240000  0.355225D-09  0.185241D-28  0.323728D+09  0.333937D+02
    1.250000  0.289004D-09  0.150106D-28  0.323728D+09  0.332594D+02
    1.260000  0.235127D-09  0.121639D-28  0.323728D+09  0.331270D+02
    1.270000  0.191294D-09  0.985733D-29  0.323728D+09  0.329959D+02
    1.280000  0.155633D-09  0.798840D-29  0.323728D+09  0.328667D+02
    1.290000  0.126619D-09  0.647402D-29  0.323728D+09  0.327387D+02
    1.300000  0.103015D-09  0.524687D-29  0.323728D+09  0.326121D+02
    1.310000  0.838106D-10  0.425246D-29  0.323728D+09  0.324874D+02
    1.320000  0.681865D-10  0.344661D-29  0.323728D+09  0.323661D+02
    1.330000  0.554751D-10  0.279355D-29  0.323728D+09  0.322438D+02
    1.340000  0.451333D-10  0.226429D-29  0.323728D+09  0.321231D+02
    1.350000  0.367195D-10  0.183535D-29  0.323728D+09  0.320036D+02
    1.360000  0.298742D-10  0.148772D-29  0.323728D+09  0.318853D+02
    1.370000  0.243050D-10  0.120596D-29  0.323728D+09  0.317687D+02
    1.380000  0.197740D-10  0.977584D-30  0.323728D+09  0.316531D+02
    1.390000  0.160877D-10  0.792480D-30  0.323728D+09  0.315386D+02
    1.400000  0.130886D-10  0.642442D-30  0.323728D+09  0.314258D+02
    1.410000  0.106486D-10  0.520822D-30  0.323728D+09  0.313138D+02
    1.420000  0.866347D-11  0.422237D-30  0.323728D+09  0.312046D+02
    1.430000  0.704841D-11  0.342322D-30  0.323728D+09  0.310952D+02
    1.440000  0.573443D-11  0.277538D-30  0.323728D+09  0.309867D+02
    1.450000  0.466541D-11  0.225020D-30  0.323728D+09  0.308793D+02
    1.460000  0.379567D-11  0.182444D-30  0.323728D+09  0.307734D+02
    1.470000  0.308808D-11  0.147927D-30  0.323728D+09  0.306682D+02
    1.480000  0.251239D-11  0.119943D-30  0.323728D+09  0.305651D+02
    1.490000  0.204403D-11  0.972556D-31  0.323728D+09  0.304621D+02
    1.500000  0.166298D-11  0.788611D-31  0.323728D+09  0.303604D+02
    1.510000  0.135296D-11  0.639470D-31  0.323728D+09  0.302594D+02
    1.520000  0.110074D-11  0.518546D-31  0.323728D+09  0.301594D+02
    1.530000  0.895538D-12  0.420498D-31  0.323728D+09  0.300632D+02
    1.540000  0.728591D-12  0.340996D-31  0.323728D+09  0.299651D+02
    1.550000  0.592765D-12  0.276531D-31  0.323728D+09  0.298680D+02
    1.560000  0.482261D-12  0.224257D-31  0.323728D+09  0.297718D+02
    1.570000  0.392357D-12  0.181869D-31  0.323728D+09  0.296770D+02
    1.580000  0.319213D-12  0.147496D-31  0.323728D+09  0.295826D+02
    1.590000  0.259705D-12  0.119622D-31  0.323728D+09  0.294891D+02
    1.600000  0.211290D-12  0.970170D-32  0.323728D+09  0.293965D+02
    1.610000  0.171901D-12  0.786854D-32  0.323728D+09  0.293052D+02
    1.620000  0.139855D-12  0.638188D-32  0.323728D+09  0.292143D+02
    1.630000  0.113783D-12  0.517621D-32  0.323728D+09  0.291243D+02
    1.640000  0.925714D-13  0.419839D-32  0.323728D+09  0.290351D+02
    1.650000  0.753141D-13  0.340535D-32  0.323728D+09  0.289467D+02
    1.660000  0.612739D-13  0.276216D-32  0.323728D+09  0.288620D+02
    1.670000  0.498511D-13  0.224049D-32  0.323728D+09  0.287752D+02
    1.680000  0.405578D-13  0.181738D-32  0.323728D+09  0.286571D+02
    1.690000  0.329969D-13  0.147420D-32  0.323728D+09  0.285714D+02
    1.700000  0.268456D-13  0.119584D-32  0.323728D+09  0.284864D+02
    1.710000  0.218410D-13  0.970059D-33  0.323728D+09  0.284021D+02
    1.720000  0.177693D-13  0.786920D-33  0.323728D+09  0.283186D+02
    1.730000  0.144568D-13  0.638366D-33  0.323728D+09  0.282358D+02
    1.740000  0.117617D-13  0.517865D-33  0.323728D+09  0.281537D+02
    1.750000  0.956906D-14  0.420117D-33  0.323728D+09  0.280724D+02
    1.760000  0.778518D-14  0.340825D-33  0.323728D+09  0.279917D+02
    1.770000  0.633385D-14  0.276503D-33  0.323728D+09  0.279116D+02
    1.780000  0.515309D-14  0.224323D-33  0.323728D+09  0.278323D+02
    1.790000  0.419244D-14  0.181993D-33  0.323728D+09  0.277536D+02
    1.800000  0.341088D-14  0.147653D-33  0.323728D+09  0.276769D+02
    1.810000  0.277502D-14  0.119795D-33  0.323728D+09  0.275995D+02
    1.820000  0.225769D-14  0.971941D-34  0.323728D+09  0.275311D+02
    1.830000  0.183681D-14  0.788584D-34  0.323728D+09  0.274550D+02
    1.840000  0.149439D-14  0.639826D-34  0.323728D+09  0.273795D+02
    1.850000  0.121580D-14  0.519138D-34  0.323728D+09  0.273046D+02
    1.860000  0.989150D-15  0.421221D-34  0.323728D+09  0.272303D+02
    1.870000  0.804751D-15  0.341777D-34  0.323728D+09  0.271566D+02
    1.880000  0.654728D-15  0.277321D-34  0.323728D+09  0.270834D+02
    1.890000  0.532672D-15  0.225023D-34  0.323728D+09  0.270109D+02
    1.900000  0.433370D-15  0.182591D-34  0.323728D+09  0.269389D+02
    1.910000  0.352581D-15  0.148162D-34  0.323728D+09  0.268675D+02
    1.920000  0.286852D-15  0.120226D-34  0.323728D+09  0.267966D+02
    1.930000  0.233377D-15  0.975594D-35  0.323728D+09  0.267262D+02
    1.940000  0.189870D-15  0.791670D-35  0.323728D+09  0.266565D+02
    1.950000  0.154474D-15  0.642429D-35  0.323728D+09  0.265872D+02
    1.960000  0.125677D-15  0.521328D-35  0.323728D+09  0.265578D+02
    1.970000  0.102248D-15  0.423061D-35  0.323728D+09  0.264903D+02
    1.980000  0.831867D-16  0.343321D-35  0.323728D+09  0.264231D+02
    1.990000  0.676789D-16  0.278615D-35  0.323728D+09  0.263564D+02
    2.000000  0.550621D-16  0.226106D-35  0.323728D+09  0.262902D+02
    2.010000  0.447973D-16  0.183496D-35  0.323728D+09  0.262274D+02
    2.020000  0.364461D-16  0.148917D-35  0.323728D+09  0.261622D+02
    2.030000  0.296518D-16  0.120856D-35  0.323728D+09  0.260975D+02
    2.040000  0.241240D-16  0.980843D-36  0.323728D+09  0.260337D+02
    2.050000  0.196268D-16  0.796039D-36  0.323728D+09  0.259699D+02
    2.060000  0.159679D-16  0.646062D-36  0.323728D+09  0.259065D+02
    2.070000  0.129912D-16  0.524348D-36  0.323728D+09  0.258449D+02
    2.080000  0.105693D-16  0.425569D-36  0.323728D+09  0.257825D+02
    2.090000  0.859897D-17  0.345402D-36  0.323728D+09  0.257205D+02
    2.100000  0.699594D-17  0.280340D-36  0.323728D+09  0.256595D+02
    2.110000  0.569174D-17  0.227536D-36  0.323728D+09  0.255984D+02
    2.120000  0.463068D-17  0.184680D-36  0.323728D+09  0.255378D+02
    2.130000  0.376742D-17  0.149897D-36  0.323728D+09  0.254775D+02
    2.140000  0.306509D-17  0.121667D-36  0.323728D+09  0.254177D+02
    2.150000  0.249369D-17  0.987546D-37  0.323728D+09  0.253584D+02
    2.160000  0.202881D-17  0.801578D-37  0.323728D+09  0.252994D+02
    2.170000  0.165060D-17  0.650638D-37  0.323728D+09  0.252408D+02
    2.180000  0.134289D-17  0.528125D-37  0.323728D+09  0.251830D+02
    2.190000  0.109255D-17  0.428686D-37  0.323728D+09  0.251252D+02
    2.200000  0.888872D-18  0.347974D-37  0.323728D+09  0.250678D+02
    2.210000  0.723167D-18  0.282461D-37  0.323728D+09  0.250109D+02
    2.220000  0.588353D-18  0.229284D-37  0.323728D+09  0.249543D+02
    2.230000  0.478671D-18  0.186120D-37  0.323728D+09  0.248980D+02
    2.240000  0.389436D-18  0.151084D-37  0.323728D+09  0.248422D+02
    2.250000  0.316837D-18  0.122644D-37  0.323728D+09  0.247899D+02
    2.260000  0.257772D-18  0.995589D-38  0.323728D+09  0.247353D+02
    2.270000  0.209717D-18  0.808198D-38  0.323728D+09  0.246806D+02
    2.280000  0.170621D-18  0.656083D-38  0.323728D+09  0.246262D+02
    2.290000  0.138814D-18  0.532604D-38  0.323728D+09  0.245722D+02
    2.300000  0.112936D-18  0.432369D-38  0.323728D+09  0.245185D+02
    2.310000  0.918822D-19  0.351001D-38  0.323728D+09  0.244652D+02
    2.320000  0.747534D-19  0.284948D-38  0.323728D+09  0.244123D+02
    2.330000  0.608177D-19  0.231328D-38  0.323728D+09  0.243596D+02
    2.340000  0.494800D-19  0.187799D-38  0.323728D+09  0.243078D+02
    2.350000  0.402558D-19  0.152463D-38  0.323728D+09  0.242559D+02
    2.360000  0.327513D-19  0.123776D-38  0.323728D+09  0.242043D+02
    2.370000  0.266457D-19  0.100488D-38  0.323728D+09  0.241530D+02
    2.380000  0.216784D-19  0.815824D-39  0.323728D+09  0.241020D+02
    2.390000  0.176371D-19  0.664853D-39  0.323728D+09  0.240513D+02
    2.400000  0.143491D-19  0.539781D-39  0.323728D+09  0.240010D+02
    2.410000  0.116741D-19  0.438242D-39  0.323728D+09  0.239510D+02
    2.420000  0.949783D-20  0.355807D-39  0.323728D+09  0.239012D+02
    2.430000  0.772722D-20  0.288880D-39  0.323728D+09  0.238522D+02
    2.440000  0.628670D-20  0.234544D-39  0.323728D+09  0.238031D+02
    2.450000  0.511472D-20  0.190430D-39  0.323728D+09  0.237542D+02
    2.460000  0.416123D-20  0.154615D-39  0.323728D+09  0.237057D+02
    2.470000  0.338548D-20  0.125536D-39  0.323728D+09  0.236575D+02
    2.480000  0.275436D-20  0.101927D-39  0.323728D+09  0.236098D+02
    2.490000  0.224088D-20  0.827590D-40  0.323728D+09  0.235621D+02
    2.500000  0.182313D-20  0.671960D-40  0.323728D+09  0.235148D+02
