   0.0000000        6.27451017E-02    0.17254902    
   0.0000000        7.84313753E-02    0.21568628    
   0.0000000        9.41176489E-02    0.26274511    
   0.0000000        0.11372549        0.30588236    
   0.0000000        0.12941177        0.34901962    
   0.0000000        0.14509805        0.39607844    
   0.0000000        0.16078432        0.43921569    
   0.0000000        0.18039216        0.48235294    
   0.0000000        0.19607843        0.52941179    
   0.0000000        0.21176471        0.57254905    
   0.0000000        0.23137255        0.61568630    
   0.0000000        0.24705882        0.66274512    
   0.0000000        0.26274511        0.70588237    
  3.92156886E-03    0.28235295        0.70196080    
  1.56862754E-02    0.30196080        0.66666669    
  2.35294122E-02    0.32156864        0.63137257    
  3.13725509E-02    0.34117648        0.59607846    
  4.31372561E-02    0.36078432        0.56078434    
  5.09803928E-02    0.38039216        0.52549022    
  6.27451017E-02    0.40000001        0.49019608    
  7.05882385E-02    0.41568628        0.45490196    
  8.23529437E-02    0.43529412        0.41960785    
  9.01960805E-02    0.45490196        0.38431373    
  0.10196079        0.47450981        0.34901962    
  0.10980392        0.49411765        0.31372550    
  0.12156863        0.51372552        0.27843139    
  0.12941177        0.53333336        0.24313726    
  0.14117648        0.55294120        0.20784314    
  0.14901961        0.57254905        0.17254902    
  0.16862746        0.58823532        0.15294118    
  0.20784314        0.60392159        0.15294118    
  0.24705882        0.61568630        0.15294118    
  0.28627452        0.62745100        0.15294118    
  0.32549021        0.64313728        0.15294118    
  0.36470589        0.65490198        0.15294118    
  0.40392157        0.67058825        0.15294118    
  0.44313726        0.68235296        0.15294118    
  0.48235294        0.69411767        0.15294118    
  0.52156866        0.70980394        0.15294118    
  0.56078434        0.72156864        0.15294118    
  0.60000002        0.73725492        0.15294118    
  0.63921571        0.74901962        0.15294118    
  0.67843139        0.76078433        0.15294118    
  0.71764708        0.77647060        0.15294118    
  0.75686276        0.78823531        0.15294118    
  0.79607844        0.79607844        0.14901961    
  0.80784315        0.75294119        0.14117648    
  0.81960785        0.70980394        0.13333334    
  0.83137256        0.66274512        0.12549020    
  0.84313726        0.61960787        0.11764706    
  0.85490197        0.57647061        0.10980392    
  0.86666667        0.53333336        0.10196079    
  0.87843138        0.48627451        9.01960805E-02
  0.89019608        0.44313726        8.23529437E-02
  0.90196079        0.41568628        8.62745121E-02
  0.90980393        0.39607844        9.41176489E-02
  0.91764706        0.37254903        0.10196079    
  0.92941177        0.35294119        0.10980392    
  0.93725491        0.33333334        0.11764706    
  0.94509804        0.31372550        0.12549020    
  0.95686275        0.29411766        0.13333334    
  0.96470588        0.27450982        0.14117648    
  0.97254902        0.25490198        0.14901961    
  0.98431373        0.23529412        0.15686275    
  0.98823529        0.21568628        0.16078432    
  0.99215686        0.20392157        0.15294118    
  0.99215686        0.19607843        0.14509805    
  0.99215686        0.18431373        0.13725491    
  0.99215686        0.17254902        0.12941177    
  0.99215686        0.16078432        0.11764706    
  0.99215686        0.14901961        0.10980392    
  0.99215686        0.13725491        0.10196079    
  0.99215686        0.12549020        9.41176489E-02
  0.99215686        0.11372549        8.62745121E-02
  0.99607843        0.10196079        7.45098069E-02
  0.99607843        9.41176489E-02    6.66666701E-02
  0.99607843        8.23529437E-02    5.88235296E-02
  0.99607843        7.05882385E-02    5.09803928E-02
  0.99607843        5.88235296E-02    4.31372561E-02
  0.99607843        4.70588244E-02    3.13725509E-02
  0.99607843        3.52941193E-02    2.35294122E-02
  0.99607843        2.35294122E-02    1.56862754E-02
  0.99607843        1.17647061E-02    7.84313772E-03
  0.99607843        3.92156886E-03     0.0000000    
