   0.0000000         0.0000000         0.0000000    
   0.0000000         0.0000000        3.52941193E-02
   0.0000000         0.0000000        7.05882385E-02
   0.0000000         0.0000000        0.10588235    
   0.0000000         0.0000000        0.14509805    
   0.0000000         0.0000000        0.18039216    
   0.0000000         0.0000000        0.21568628    
   0.0000000         0.0000000        0.25098041    
   0.0000000         0.0000000        0.29019609    
   0.0000000         0.0000000        0.32549021    
   0.0000000         0.0000000        0.36078432    
   0.0000000         0.0000000        0.39607844    
   0.0000000         0.0000000        0.43529412    
   0.0000000         0.0000000        0.47058824    
   0.0000000         0.0000000        0.50588238    
   0.0000000         0.0000000        0.54117650    
   0.0000000         0.0000000        0.58039218    
   0.0000000         0.0000000        0.61568630    
   0.0000000         0.0000000        0.65098041    
   0.0000000         0.0000000        0.68627453    
   0.0000000         0.0000000        0.72549021    
   0.0000000         0.0000000        0.76078433    
   0.0000000         0.0000000        0.79607844    
   0.0000000         0.0000000        0.83529413    
   0.0000000         0.0000000        0.87058824    
   0.0000000         0.0000000        0.90588236    
   0.0000000         0.0000000        0.94117647    
   0.0000000         0.0000000        0.98039216    
   0.0000000        1.17647061E-02    1.00000000    
   0.0000000        4.70588244E-02    1.00000000    
   0.0000000        8.23529437E-02    1.00000000    
   0.0000000        0.12156863        1.00000000    
   0.0000000        0.15686275        1.00000000    
   0.0000000        0.19215687        1.00000000    
   0.0000000        0.22745098        1.00000000    
   0.0000000        0.26666668        1.00000000    
   0.0000000        0.30196080        1.00000000    
   0.0000000        0.33725491        1.00000000    
   0.0000000        0.37254903        1.00000000    
   0.0000000        0.41176471        1.00000000    
   0.0000000        0.44705883        1.00000000    
   0.0000000        0.48235294        1.00000000    
   0.0000000        0.52156866        1.00000000    
   0.0000000        0.55686277        1.00000000    
   0.0000000        0.59215689        1.00000000    
   0.0000000        0.62745100        1.00000000    
   0.0000000        0.66666669        1.00000000    
   0.0000000        0.70196080        1.00000000    
   0.0000000        0.73725492        1.00000000    
   0.0000000        0.77254903        1.00000000    
   0.0000000        0.81176472        1.00000000    
   0.0000000        0.84705883        1.00000000    
   0.0000000        0.88235295        1.00000000    
   0.0000000        0.91764706        1.00000000    
   0.0000000        0.95686275        1.00000000    
   0.0000000        0.99215686        1.00000000    
  2.35294122E-02    1.00000000        0.97647059    
  5.88235296E-02    1.00000000        0.94117647    
  9.80392173E-02    1.00000000        0.90196079    
  0.13333334        1.00000000        0.86666667    
  0.16862746        1.00000000        0.83137256    
  0.20392157        1.00000000        0.79607844    
  0.24313726        1.00000000        0.75686276    
  0.27843139        1.00000000        0.72156864    
  0.31372550        1.00000000        0.68627453    
  0.34901962        1.00000000        0.65098041    
  0.38823530        1.00000000        0.61176473    
  0.42352942        1.00000000        0.57647061    
  0.45882353        1.00000000        0.54117650    
  0.49411765        1.00000000        0.50588238    
  0.52941179        1.00000000        0.47058824    
  0.56862748        1.00000000        0.43137255    
  0.60392159        1.00000000        0.39607844    
  0.63921571        1.00000000        0.36078432    
  0.67450982        1.00000000        0.32549021    
  0.71372551        1.00000000        0.28627452    
  0.74901962        1.00000000        0.25098041    
  0.78431374        1.00000000        0.21568628    
  0.81960785        1.00000000        0.18039216    
  0.85882354        1.00000000        0.14117648    
  0.89411765        1.00000000        0.10588235    
  0.92941177        1.00000000        7.05882385E-02
  0.96470588        1.00000000        3.52941193E-02
  1.00000000        1.00000000         0.0000000    
