   0.0000000         0.0000000        0.51372552    
   0.0000000         0.0000000        0.54509807    
   0.0000000         0.0000000        0.59607846    
   0.0000000         0.0000000        0.64313728    
   0.0000000         0.0000000        0.69411767    
   0.0000000         0.0000000        0.74117649    
   0.0000000         0.0000000        0.78823531    
   0.0000000         0.0000000        0.83921570    
   0.0000000         0.0000000        0.88627452    
   0.0000000         0.0000000        0.93333334    
   0.0000000         0.0000000        0.98431373    
   0.0000000        1.17647061E-02    1.00000000    
   0.0000000        5.88235296E-02    1.00000000    
   0.0000000        0.10980392        1.00000000    
   0.0000000        0.15686275        1.00000000    
   0.0000000        0.20392157        1.00000000    
   0.0000000        0.25490198        1.00000000    
   0.0000000        0.30196080        1.00000000    
   0.0000000        0.34901962        1.00000000    
   0.0000000        0.39607844        1.00000000    
   0.0000000        0.44705883        1.00000000    
   0.0000000        0.49411765        1.00000000    
   0.0000000        0.54117650        1.00000000    
   0.0000000        0.59215689        1.00000000    
   0.0000000        0.63921571        1.00000000    
   0.0000000        0.68627453        1.00000000    
   0.0000000        0.73333335        1.00000000    
   0.0000000        0.78431374        1.00000000    
   0.0000000        0.83137256        1.00000000    
   0.0000000        0.87843138        1.00000000    
   0.0000000        0.92941177        1.00000000    
   0.0000000        0.97647059        1.00000000    
  3.92156886E-03    1.00000000        0.99607843    
  5.09803928E-02    1.00000000        0.94901961    
  0.10196079        1.00000000        0.89803922    
  0.14901961        1.00000000        0.85098040    
  0.19607843        1.00000000        0.80392158    
  0.24705882        1.00000000        0.75294119    
  0.29411766        1.00000000        0.70588237    
  0.34117648        1.00000000        0.65882355    
  0.38823530        1.00000000        0.61176473    
  0.43921569        1.00000000        0.56078434    
  0.48627451        1.00000000        0.51372552    
  0.53333336        1.00000000        0.46666667    
  0.58431375        1.00000000        0.41568628    
  0.63137257        1.00000000        0.36862746    
  0.67843139        1.00000000        0.32156864    
  0.72549021        1.00000000        0.27450982    
  0.77647060        1.00000000        0.22352941    
  0.82352942        1.00000000        0.17647059    
  0.87058824        1.00000000        0.12941177    
  0.92156863        1.00000000        7.84313753E-02
  0.96862745        1.00000000        3.13725509E-02
  1.00000000        0.98823529         0.0000000    
  1.00000000        0.94117647         0.0000000    
  1.00000000        0.89019608         0.0000000    
  1.00000000        0.84313726         0.0000000    
  1.00000000        0.79607844         0.0000000    
  1.00000000        0.74509805         0.0000000    
  1.00000000        0.69803923         0.0000000    
  1.00000000        0.65098041         0.0000000    
  1.00000000        0.60392159         0.0000000    
  1.00000000        0.55294120         0.0000000    
  1.00000000        0.50588238         0.0000000    
  1.00000000        0.45882353         0.0000000    
  1.00000000        0.40784314         0.0000000    
  1.00000000        0.36078432         0.0000000    
  1.00000000        0.31372550         0.0000000    
  1.00000000        0.26666668         0.0000000    
  1.00000000        0.21568628         0.0000000    
  1.00000000        0.16862746         0.0000000    
  1.00000000        0.12156863         0.0000000    
  1.00000000        7.05882385E-02     0.0000000    
  1.00000000        2.35294122E-02     0.0000000    
  0.97647059         0.0000000         0.0000000    
  0.92549020         0.0000000         0.0000000    
  0.87058824         0.0000000         0.0000000    
  0.81568629         0.0000000         0.0000000    
  0.76470590         0.0000000         0.0000000    
  0.70980394         0.0000000         0.0000000    
  0.65490198         0.0000000         0.0000000    
  0.60392159         0.0000000         0.0000000    
  0.54901963         0.0000000         0.0000000    
  0.51372552         0.0000000         0.0000000    
