   0.0000000         0.0000000         0.0000000    
   0.0000000        1.17647061E-02    1.17647061E-02
   0.0000000        4.70588244E-02    4.70588244E-02
   0.0000000        0.10196079        0.10196079    
   0.0000000        0.15294118        0.15294118    
   0.0000000        0.20392157        0.20392157    
   0.0000000        0.25490198        0.25490198    
   0.0000000        0.30588236        0.30588236    
   0.0000000        0.35686275        0.35686275    
   0.0000000        0.40784314        0.40784314    
   0.0000000        0.46274510        0.46274510    
   0.0000000        0.51372552        0.51372552    
   0.0000000        0.56470591        0.56470591    
   0.0000000        0.61568630        0.61568630    
   0.0000000        0.66666669        0.66666669    
   0.0000000        0.71764708        0.71764708    
   0.0000000        0.76862746        0.76862746    
   0.0000000        0.82352942        0.82352942    
   0.0000000        0.87450981        0.87450981    
   0.0000000        0.92549020        0.92549020    
   0.0000000        0.97647059        0.97647059    
   0.0000000        0.98823529        1.00000000    
   0.0000000        0.94509804        1.00000000    
   0.0000000        0.89411765        1.00000000    
   0.0000000        0.84705883        1.00000000    
   0.0000000        0.80000001        1.00000000    
   0.0000000        0.74901962        1.00000000    
   0.0000000        0.70196080        1.00000000    
   0.0000000        0.65098041        1.00000000    
   0.0000000        0.60392159        1.00000000    
   0.0000000        0.55294120        1.00000000    
   0.0000000        0.50588238        1.00000000    
   0.0000000        0.45490196        1.00000000    
   0.0000000        0.40784314        1.00000000    
   0.0000000        0.35686275        1.00000000    
   0.0000000        0.30980393        1.00000000    
   0.0000000        0.25882354        1.00000000    
   0.0000000        0.21176471        1.00000000    
   0.0000000        0.16078432        1.00000000    
   0.0000000        0.11372549        1.00000000    
   0.0000000        6.27451017E-02    1.00000000    
   0.0000000        1.56862754E-02    1.00000000    
  1.56862754E-02     0.0000000        1.00000000    
  6.27451017E-02     0.0000000        1.00000000    
  0.11372549         0.0000000        1.00000000    
  0.16078432         0.0000000        1.00000000    
  0.21176471         0.0000000        1.00000000    
  0.25882354         0.0000000        1.00000000    
  0.30980393         0.0000000        1.00000000    
  0.35686275         0.0000000        1.00000000    
  0.40784314         0.0000000        1.00000000    
  0.45490196         0.0000000        1.00000000    
  0.50588238         0.0000000        1.00000000    
  0.55294120         0.0000000        1.00000000    
  0.60000002         0.0000000        1.00000000    
  0.65098041         0.0000000        1.00000000    
  0.69803923         0.0000000        1.00000000    
  0.74901962         0.0000000        1.00000000    
  0.79607844         0.0000000        1.00000000    
  0.84705883         0.0000000        1.00000000    
  0.89411765         0.0000000        1.00000000    
  0.94509804         0.0000000        1.00000000    
  0.99215686         0.0000000        1.00000000    
  1.00000000         0.0000000        0.97647059    
  1.00000000         0.0000000        0.92941177    
  1.00000000         0.0000000        0.87843138    
  1.00000000         0.0000000        0.82745099    
  1.00000000         0.0000000        0.77647060    
  1.00000000         0.0000000        0.72941178    
  1.00000000         0.0000000        0.67843139    
  1.00000000         0.0000000        0.62745100    
  1.00000000         0.0000000        0.58039218    
  1.00000000         0.0000000        0.52941179    
  1.00000000         0.0000000        0.47843137    
  1.00000000         0.0000000        0.43137255    
  1.00000000         0.0000000        0.38039216    
  1.00000000         0.0000000        0.32941177    
  1.00000000         0.0000000        0.27843139    
  1.00000000         0.0000000        0.23137255    
  1.00000000         0.0000000        0.18039216    
  1.00000000         0.0000000        0.12941177    
  1.00000000         0.0000000        8.23529437E-02
  1.00000000         0.0000000        3.13725509E-02
  1.00000000         0.0000000         0.0000000    
