  0.38823530         0.0000000         0.0000000    
  0.48235294         0.0000000         0.0000000    
  0.57647061         0.0000000         0.0000000    
  0.67058825         0.0000000         0.0000000    
  0.76862746         0.0000000         0.0000000    
  0.86274511         0.0000000         0.0000000    
  0.95686275         0.0000000         0.0000000    
  0.97254902        1.17647061E-02     0.0000000    
  0.92156863        3.92156877E-02    7.84313772E-03
  0.86666667        6.27451017E-02    1.17647061E-02
  0.81176472        9.01960805E-02    1.56862754E-02
  0.76078433        0.11372549        2.35294122E-02
  0.83921570        0.20000000        3.52941193E-02
  0.92549020        0.28627452        4.31372561E-02
  0.94901961        0.30588236        5.88235296E-02
  0.94117647        0.36078432        7.05882385E-02
  0.92941177        0.41960785        8.62745121E-02
  0.91764706        0.47450981        0.10196079    
  0.90588236        0.53333336        0.11372549    
  0.89411765        0.58823532        0.12941177    
  0.88235295        0.64705884        0.14509805    
  0.87058824        0.70196080        0.16078432    
  0.87450981        0.76078433        0.16862746    
  0.92549020        0.83529413        0.12549020    
  0.96470588        0.91372550        6.27451017E-02
  1.00000000        0.99607843        3.92156886E-03
  1.00000000        1.00000000         0.0000000    
  1.00000000        1.00000000         0.0000000    
  1.00000000        1.00000000         0.0000000    
  1.00000000        1.00000000         0.0000000    
  0.96470588        0.98039216        3.92156886E-03
  0.86666667        0.91764706        1.17647061E-02
  0.76862746        0.85098040        2.35294122E-02
  0.66666669        0.78823531        3.52941193E-02
  0.56862748        0.72549021        4.31372561E-02
  0.47058824        0.66274512        5.49019612E-02
  0.36862746        0.60000002        6.66666701E-02
  0.27058825        0.53725493        7.45098069E-02
  0.18431373        0.48235294        8.23529437E-02
  0.12941177        0.44313726        7.05882385E-02
  8.62745121E-02    0.39607844        5.49019612E-02
  5.49019612E-02    0.32941177        3.52941193E-02
  2.35294122E-02    0.26274511        1.56862754E-02
   0.0000000        0.20784314         0.0000000    
   0.0000000        0.16862746         0.0000000    
   0.0000000        0.13333334         0.0000000    
   0.0000000        0.29019609        0.20000000    
   0.0000000        0.50980395        0.46666667    
   0.0000000        0.72941178        0.72941178    
   0.0000000        0.89019608        0.93333334    
   0.0000000        0.79607844        0.87450981    
   0.0000000        0.68627453        0.80784315    
   0.0000000        0.49411765        0.67058825    
   0.0000000        0.13333334        0.41568628    
  3.92156886E-03     0.0000000        0.31764707    
  1.17647061E-02     0.0000000        0.31764707    
  1.96078438E-02     0.0000000        0.31372550    
  2.74509806E-02     0.0000000        0.30980393    
  3.52941193E-02     0.0000000        0.30588236    
  4.31372561E-02     0.0000000        0.30588236    
  5.49019612E-02     0.0000000        0.30980393    
  0.15686275         0.0000000        0.40392157    
  0.25882354         0.0000000        0.50196081    
  0.33725491        3.92156886E-03    0.54509807    
  0.41176471        3.92156886E-03    0.57254905    
  0.48235294        3.92156886E-03    0.60392159    
  0.55686277        7.84313772E-03    0.63529414    
  0.60784316         0.0000000        0.60392159    
  0.63529414        5.49019612E-02    0.62352943    
  0.65882355        0.11764706        0.64705884    
  0.68235296        0.17647059        0.67058825    
  0.70588237        0.23921569        0.69803923    
  0.72941178        0.30196080        0.72156864    
  0.75294119        0.36078432        0.74509805    
  0.77647060        0.42352942        0.76862746    
  0.80000001        0.48627451        0.79607844    
  0.82352942        0.54509807        0.81960785    
  0.84705883        0.60784316        0.84313726    
  0.87058824        0.66666669        0.86666667    
  0.89411765        0.72941178        0.89019608    
  0.91764706        0.79215688        0.91764706    
  0.94117647        0.85098040        0.94117647    
  0.96470588        0.91372550        0.96470588    
  0.98823529        0.97647059        0.98823529    
