   0.0000000         0.0000000         0.0000000    
   0.0000000         0.0000000        1.56862754E-02
   0.0000000         0.0000000        3.13725509E-02
   0.0000000         0.0000000        4.70588244E-02
   0.0000000         0.0000000        6.27451017E-02
   0.0000000         0.0000000        7.84313753E-02
   0.0000000         0.0000000        9.80392173E-02
   0.0000000         0.0000000        0.11372549    
   0.0000000         0.0000000        0.12941177    
   0.0000000         0.0000000        0.14509805    
   0.0000000         0.0000000        0.16078432    
   0.0000000         0.0000000        0.18039216    
   0.0000000         0.0000000        0.19607843    
   0.0000000         0.0000000        0.21176471    
   0.0000000         0.0000000        0.22745098    
   0.0000000         0.0000000        0.24313726    
   0.0000000         0.0000000        0.25882354    
   0.0000000         0.0000000        0.27843139    
   0.0000000         0.0000000        0.29411766    
   0.0000000         0.0000000        0.30980393    
   0.0000000         0.0000000        0.32549021    
   0.0000000         0.0000000        0.34117648    
   0.0000000         0.0000000        0.36078432    
   0.0000000         0.0000000        0.37647060    
   0.0000000         0.0000000        0.39215687    
   0.0000000         0.0000000        0.40784314    
   0.0000000         0.0000000        0.42352942    
   0.0000000         0.0000000        0.43921569    
   0.0000000         0.0000000        0.45882353    
   0.0000000         0.0000000        0.47450981    
   0.0000000         0.0000000        0.49019608    
   0.0000000         0.0000000        0.50588238    
   0.0000000        1.17647061E-02    0.52156866    
   0.0000000        3.13725509E-02    0.54117650    
   0.0000000        5.09803928E-02    0.55686277    
   0.0000000        7.05882385E-02    0.57254905    
   0.0000000        9.01960805E-02    0.58823532    
   0.0000000        0.10980392        0.60392159    
   0.0000000        0.12941177        0.61960787    
   0.0000000        0.14901961        0.63921571    
   0.0000000        0.16862746        0.65490198    
   0.0000000        0.18823530        0.67058825    
   0.0000000        0.20784314        0.68627453    
   0.0000000        0.22745098        0.70196080    
   0.0000000        0.24705882        0.72156864    
   0.0000000        0.26666668        0.73725492    
   0.0000000        0.28627452        0.75294119    
   0.0000000        0.30588236        0.76862746    
   0.0000000        0.32549021        0.78431374    
   0.0000000        0.34509805        0.80392158    
   0.0000000        0.36470589        0.81960785    
   0.0000000        0.38431373        0.83529413    
   0.0000000        0.40392157        0.85098040    
   0.0000000        0.41960785        0.86666667    
   0.0000000        0.43921569        0.88235295    
   0.0000000        0.45882353        0.90196079    
   0.0000000        0.47843137        0.91764706    
   0.0000000        0.49803922        0.93333334    
   0.0000000        0.51764709        0.94901961    
   0.0000000        0.53725493        0.96470588    
   0.0000000        0.55686277        0.98431373    
   0.0000000        0.57647061        1.00000000    
   0.0000000        0.59607846        1.00000000    
  2.35294122E-02    0.61568630        1.00000000    
  7.05882385E-02    0.63529414        1.00000000    
  0.12156863        0.65098041        1.00000000    
  0.16862746        0.67058825        1.00000000    
  0.21960784        0.69019610        1.00000000    
  0.26666668        0.70980394        1.00000000    
  0.31764707        0.72941178        1.00000000    
  0.36470589        0.74901962        1.00000000    
  0.41568628        0.76862746        1.00000000    
  0.46274510        0.78823531        1.00000000    
  0.51372552        0.80784315        1.00000000    
  0.56078434        0.82745099        1.00000000    
  0.61176473        0.84705883        1.00000000    
  0.65882355        0.86666667        1.00000000    
  0.70980394        0.88627452        1.00000000    
  0.75686276        0.90588236        1.00000000    
  0.80784315        0.92549020        1.00000000    
  0.85490197        0.94509804        1.00000000    
  0.90588236        0.96470588        1.00000000    
  0.95294118        0.98431373        1.00000000    
  1.00000000        1.00000000        1.00000000    
