   0.0000000         0.0000000         0.0000000    
  3.52941193E-02     0.0000000         0.0000000    
  7.05882385E-02     0.0000000         0.0000000    
  0.10588235         0.0000000         0.0000000    
  0.14117648         0.0000000         0.0000000    
  0.17647059         0.0000000         0.0000000    
  0.21176471         0.0000000         0.0000000    
  0.25098041         0.0000000         0.0000000    
  0.28627452         0.0000000         0.0000000    
  0.32156864         0.0000000         0.0000000    
  0.35686275         0.0000000         0.0000000    
  0.39215687         0.0000000         0.0000000    
  0.42745098         0.0000000         0.0000000    
  0.46274510         0.0000000         0.0000000    
  0.50196081         0.0000000         0.0000000    
  0.53725493         0.0000000         0.0000000    
  0.57254905         0.0000000         0.0000000    
  0.60784316         0.0000000         0.0000000    
  0.64313728         0.0000000         0.0000000    
  0.67843139         0.0000000         0.0000000    
  0.71764708         0.0000000         0.0000000    
  0.75294119         0.0000000         0.0000000    
  0.78823531         0.0000000         0.0000000    
  0.82352942         0.0000000         0.0000000    
  0.85882354         0.0000000         0.0000000    
  0.89411765         0.0000000         0.0000000    
  0.92941177         0.0000000         0.0000000    
  0.96862745         0.0000000         0.0000000    
  1.00000000         0.0000000         0.0000000    
  1.00000000        3.52941193E-02     0.0000000    
  1.00000000        7.45098069E-02     0.0000000    
  1.00000000        0.10980392         0.0000000    
  1.00000000        0.14509805         0.0000000    
  1.00000000        0.18431373         0.0000000    
  1.00000000        0.21960784         0.0000000    
  1.00000000        0.25490198         0.0000000    
  1.00000000        0.29411766         0.0000000    
  1.00000000        0.32941177         0.0000000    
  1.00000000        0.36862746         0.0000000    
  1.00000000        0.40392157         0.0000000    
  1.00000000        0.43921569         0.0000000    
  1.00000000        0.47843137         0.0000000    
  1.00000000        0.51372552         0.0000000    
  1.00000000        0.54901963         0.0000000    
  1.00000000        0.58823532         0.0000000    
  1.00000000        0.62352943         0.0000000    
  1.00000000        0.66274512         0.0000000    
  1.00000000        0.69803923         0.0000000    
  1.00000000        0.73333335         0.0000000    
  1.00000000        0.77254903         0.0000000    
  1.00000000        0.80784315         0.0000000    
  1.00000000        0.84313726         0.0000000    
  1.00000000        0.88235295         0.0000000    
  1.00000000        0.91764706         0.0000000    
  1.00000000        0.95686275         0.0000000    
  1.00000000        0.99215686         0.0000000    
  1.00000000        1.00000000        2.35294122E-02
  1.00000000        1.00000000        5.88235296E-02
  1.00000000        1.00000000        9.80392173E-02
  1.00000000        1.00000000        0.13333334    
  1.00000000        1.00000000        0.16862746    
  1.00000000        1.00000000        0.20392157    
  1.00000000        1.00000000        0.24313726    
  1.00000000        1.00000000        0.27843139    
  1.00000000        1.00000000        0.31372550    
  1.00000000        1.00000000        0.34901962    
  1.00000000        1.00000000        0.38823530    
  1.00000000        1.00000000        0.42352942    
  1.00000000        1.00000000        0.45882353    
  1.00000000        1.00000000        0.49411765    
  1.00000000        1.00000000        0.52941179    
  1.00000000        1.00000000        0.56862748    
  1.00000000        1.00000000        0.60392159    
  1.00000000        1.00000000        0.63921571    
  1.00000000        1.00000000        0.67450982    
  1.00000000        1.00000000        0.71372551    
  1.00000000        1.00000000        0.74901962    
  1.00000000        1.00000000        0.78431374    
  1.00000000        1.00000000        0.81960785    
  1.00000000        1.00000000        0.85882354    
  1.00000000        1.00000000        0.89411765    
  1.00000000        1.00000000        0.92941177    
  1.00000000        1.00000000        0.96470588    
  1.00000000        1.00000000        1.00000000    
