  1.00000000        0.83529413        1.00000000    
  0.98823529        0.83137256        0.98823529    
  0.96078432        0.81568629        0.97254902    
  0.93725491        0.79607844        0.96078432    
  0.91372550        0.78039217        0.94901961    
  0.89019608        0.76078433        0.93725491    
  0.86666667        0.74509805        0.92549020    
  0.84313726        0.72941178        0.91372550    
  0.81960785        0.70980394        0.90196079    
  0.79607844        0.69411767        0.89019608    
  0.76862746        0.67843139        0.87843138    
  0.74509805        0.65882355        0.86666667    
  0.72156864        0.64313728        0.85098040    
  0.69803923        0.62745100        0.83921570    
  0.67450982        0.60784316        0.82745099    
  0.65098041        0.59215689        0.81568629    
  0.62745100        0.57647061        0.80392158    
  0.60392159        0.55686277        0.79215688    
  0.58039218        0.54117650        0.78039217    
  0.55686277        0.52549022        0.76862746    
  0.53333336        0.50588238        0.75686276    
  0.50588238        0.49019608        0.74509805    
  0.48235294        0.47450981        0.73333335    
  0.45882353        0.45490196        0.72156864    
  0.43529412        0.43921569        0.70588237    
  0.41176471        0.41960785        0.69411767    
  0.38823530        0.40392157        0.68235296    
  0.36470589        0.38823530        0.67058825    
  0.34117648        0.36862746        0.65882355    
  0.31764707        0.35294119        0.64705884    
  0.29411766        0.33725491        0.63529414    
  0.26666668        0.31764707        0.62352943    
  0.24313726        0.30196080        0.61176473    
  0.21960784        0.28627452        0.60000002    
  0.19607843        0.26666668        0.58823532    
  0.17254902        0.25098041        0.57647061    
  0.14901961        0.23529412        0.56078434    
  0.12549020        0.21568628        0.54901963    
  0.10196079        0.20000000        0.53725493    
  7.84313753E-02    0.18431373        0.52549022    
  5.49019612E-02    0.16470589        0.51372552    
  2.74509806E-02    0.14901961        0.50196081    
  1.96078438E-02    0.12941177        0.49019608    
  3.13725509E-02    0.12549020        0.47843137    
  5.88235296E-02    0.14117648        0.46666667    
  8.23529437E-02    0.15686275        0.45490196    
  0.10588235        0.17254902        0.44313726    
  0.12941177        0.19215687        0.43137255    
  0.15294118        0.20784314        0.41568628    
  0.17647059        0.22352941        0.40392157    
  0.20000000        0.23921569        0.39215687    
  0.22352941        0.25490198        0.38039216    
  0.25098041        0.27058825        0.36862746    
  0.27450982        0.28627452        0.35686275    
  0.29803923        0.30196080        0.34509805    
  0.32156864        0.31764707        0.33333334    
  0.34509805        0.33333334        0.32156864    
  0.36862746        0.35294119        0.30980393    
  0.39215687        0.36862746        0.29803923    
  0.41568628        0.38431373        0.28627452    
  0.44313726        0.40000001        0.27058825    
  0.46666667        0.41568628        0.25882354    
  0.49019608        0.43137255        0.24705882    
  0.51372552        0.44705883        0.23529412    
  0.53725493        0.46274510        0.22352941    
  0.56078434        0.47843137        0.21176471    
  0.58431375        0.49411765        0.20000000    
  0.60784316        0.51372552        0.18823530    
  0.63137257        0.52941179        0.17647059    
  0.65882355        0.54509807        0.16470589    
  0.68235296        0.56078434        0.15294118    
  0.70588237        0.57647061        0.13725491    
  0.72941178        0.59215689        0.12549020    
  0.75294119        0.60784316        0.11372549    
  0.77647060        0.62352943        0.10196079    
  0.80000001        0.63921571        9.01960805E-02
  0.82352942        0.65882355        7.84313753E-02
  0.85098040        0.67450982        6.66666701E-02
  0.87450981        0.69019610        5.49019612E-02
  0.89803922        0.70588237        4.31372561E-02
  0.92156863        0.72156864        3.13725509E-02
  0.94509804        0.73725492        1.96078438E-02
  0.96862745        0.75686276        7.84313772E-03
  0.98431373        0.76470590         0.0000000    
