   0.0000000         0.0000000         0.0000000    
  1.17647061E-02    1.17647061E-02    1.17647061E-02
  2.35294122E-02    2.35294122E-02    2.35294122E-02
  3.52941193E-02    3.52941193E-02    3.52941193E-02
  4.70588244E-02    4.70588244E-02    4.70588244E-02
  5.88235296E-02    5.88235296E-02    5.88235296E-02
  7.05882385E-02    7.05882385E-02    7.05882385E-02
  8.23529437E-02    8.23529437E-02    8.23529437E-02
  9.41176489E-02    9.41176489E-02    9.41176489E-02
  0.10588235        0.10588235        0.10588235    
  0.11764706        0.11764706        0.11764706    
  0.12941177        0.12941177        0.12941177    
  0.14509805        0.14509805        0.14509805    
  0.15686275        0.15686275        0.15686275    
  0.16862746        0.16862746        0.16862746    
  0.18039216        0.18039216        0.18039216    
  0.19215687        0.19215687        0.19215687    
  0.20392157        0.20392157        0.20392157    
  0.21568628        0.21568628        0.21568628    
  0.22745098        0.22745098        0.22745098    
  0.23921569        0.23921569        0.23921569    
  0.25098041        0.25098041        0.25098041    
  0.26274511        0.26274511        0.26274511    
  0.27450982        0.27450982        0.27450982    
  0.29019609        0.29019609        0.29019609    
  0.30196080        0.30196080        0.30196080    
  0.31372550        0.31372550        0.31372550    
  0.32549021        0.32549021        0.32549021    
  0.33725491        0.33725491        0.33725491    
  0.34901962        0.34901962        0.34901962    
  0.36078432        0.36078432        0.36078432    
  0.37254903        0.37254903        0.37254903    
  0.38431373        0.38431373        0.38431373    
  0.39607844        0.39607844        0.39607844    
  0.40784314        0.40784314        0.40784314    
  0.41960785        0.41960785        0.41960785    
  0.43529412        0.43529412        0.43529412    
  0.44705883        0.44705883        0.44705883    
  0.45882353        0.45882353        0.45882353    
  0.47058824        0.47058824        0.47058824    
  0.48235294        0.48235294        0.48235294    
  0.49411765        0.49411765        0.49411765    
  0.50588238        0.50588238        0.50588238    
  0.51764709        0.51764709        0.51764709    
  0.52941179        0.52941179        0.52941179    
  0.54117650        0.54117650        0.54117650    
  0.55294120        0.55294120        0.55294120    
  0.56470591        0.56470591        0.56470591    
  0.58039218        0.58039218        0.58039218    
  0.59215689        0.59215689        0.59215689    
  0.60392159        0.60392159        0.60392159    
  0.61568630        0.61568630        0.61568630    
  0.62745100        0.62745100        0.62745100    
  0.63921571        0.63921571        0.63921571    
  0.65098041        0.65098041        0.65098041    
  0.66274512        0.66274512        0.66274512    
  0.67450982        0.67450982        0.67450982    
  0.68627453        0.68627453        0.68627453    
  0.69803923        0.69803923        0.69803923    
  0.70980394        0.70980394        0.70980394    
  0.72549021        0.72549021        0.72549021    
  0.73725492        0.73725492        0.73725492    
  0.74901962        0.74901962        0.74901962    
  0.76078433        0.76078433        0.76078433    
  0.77254903        0.77254903        0.77254903    
  0.78431374        0.78431374        0.78431374    
  0.79607844        0.79607844        0.79607844    
  0.80784315        0.80784315        0.80784315    
  0.81960785        0.81960785        0.81960785    
  0.83137256        0.83137256        0.83137256    
  0.84313726        0.84313726        0.84313726    
  0.85490197        0.85490197        0.85490197    
  0.87058824        0.87058824        0.87058824    
  0.88235295        0.88235295        0.88235295    
  0.89411765        0.89411765        0.89411765    
  0.90588236        0.90588236        0.90588236    
  0.91764706        0.91764706        0.91764706    
  0.92941177        0.92941177        0.92941177    
  0.94117647        0.94117647        0.94117647    
  0.95294118        0.95294118        0.95294118    
  0.96470588        0.96470588        0.96470588    
  0.97647059        0.97647059        0.97647059    
  0.98823529        0.98823529        0.98823529    
  1.00000000        1.00000000        1.00000000    
