  1.00000000        0.99215686        0.99215686    
  0.98823529        0.99215686        0.99215686    
  0.97647059        0.99215686        0.99607843    
  0.96470588        0.99215686        0.99607843    
  0.95294118        0.99215686        0.99607843    
  0.94117647        0.99215686        0.99607843    
  0.92941177        0.99215686        0.99607843    
  0.91764706        0.99215686        0.99607843    
  0.90588236        0.99215686        0.99607843    
  0.89411765        0.99215686        0.99607843    
  0.88235295        0.99215686        0.99607843    
  0.87058824        0.99215686        0.99607843    
  0.85490197        0.99215686        0.99607843    
  0.84313726        0.99215686        0.99607843    
  0.83137256        0.99215686        0.99607843    
  0.81960785        0.99215686        0.99607843    
  0.80784315        0.99215686        0.99607843    
  0.79607844        0.99215686        0.99607843    
  0.78431374        0.99215686        0.99607843    
  0.77254903        0.99215686        0.99607843    
  0.76078433        0.99215686        0.99607843    
  0.74901962        0.99215686        0.99607843    
  0.73725492        0.99215686        1.00000000    
  0.72549021        0.99215686        1.00000000    
  0.70980394        0.99215686        1.00000000    
  0.69803923        0.99215686        1.00000000    
  0.68627453        0.99215686        1.00000000    
  0.67450982        0.99215686        1.00000000    
  0.66274512        0.99215686        1.00000000    
  0.65098041        0.99215686        1.00000000    
  0.63921571        0.99215686        1.00000000    
  0.62745100        0.99215686        1.00000000    
  0.61568630        0.99215686        1.00000000    
  0.60392159        0.99215686        1.00000000    
  0.59215689        0.99215686        1.00000000    
  0.58039218        0.99215686        1.00000000    
  0.56470591        0.99215686        1.00000000    
  0.55294120        0.99215686        1.00000000    
  0.54117650        0.99215686        1.00000000    
  0.52941179        0.99215686        1.00000000    
  0.51764709        0.99215686        1.00000000    
  0.50588238        0.99215686        1.00000000    
  0.49411765        0.99215686        1.00000000    
  0.48235294        1.00000000        0.96470588    
  0.47058824        1.00000000        0.91764706    
  0.45882353        1.00000000        0.87058824    
  0.44705883        1.00000000        0.81960785    
  0.43529412        1.00000000        0.77254903    
  0.42352942        1.00000000        0.72549021    
  0.41176471        1.00000000        0.67450982    
  0.40000001        1.00000000        0.62745100    
  0.38823530        1.00000000        0.58039218    
  0.37647060        1.00000000        0.52941179    
  0.36470589        1.00000000        0.48235294    
  0.35294119        1.00000000        0.43529412    
  0.34117648        1.00000000        0.38431373    
  0.32941177        1.00000000        0.33725491    
  0.36470589        1.00000000        0.31764707    
  0.41176471        1.00000000        0.30588236    
  0.45882353        1.00000000        0.29411766    
  0.50980395        1.00000000        0.27843139    
  0.55686277        1.00000000        0.26666668    
  0.60392159        1.00000000        0.25490198    
  0.65490198        1.00000000        0.24313726    
  0.70196080        1.00000000        0.23137255    
  0.74901962        1.00000000        0.21960784    
  0.80000001        1.00000000        0.20784314    
  0.84705883        1.00000000        0.19607843    
  0.89411765        1.00000000        0.18431373    
  0.94117647        1.00000000        0.17254902    
  0.99215686        1.00000000        0.16078432    
  1.00000000        0.94509804        0.14901961    
  1.00000000        0.87843138        0.13333334    
  1.00000000        0.80784315        0.12156863    
  1.00000000        0.74117649        0.10980392    
  1.00000000        0.67058825        9.80392173E-02
  1.00000000        0.60392159        8.62745121E-02
  1.00000000        0.53333336        7.45098069E-02
  1.00000000        0.46666667        6.27451017E-02
  1.00000000        0.39607844        5.09803928E-02
  1.00000000        0.32549021        3.92156877E-02
  1.00000000        0.24705882        2.74509806E-02
  1.00000000        0.16470589        1.56862754E-02
  1.00000000        0.11372549        7.84313772E-03
