  0.48627451         0.0000000        1.00000000    
  0.45098040         0.0000000        1.00000000    
  0.39607844         0.0000000        1.00000000    
  0.34117648         0.0000000        1.00000000    
  0.28627452         0.0000000        1.00000000    
  0.23529412         0.0000000        1.00000000    
  0.18039216         0.0000000        1.00000000    
  0.12549020         0.0000000        1.00000000    
  7.05882385E-02     0.0000000        1.00000000    
  1.56862754E-02     0.0000000        1.00000000    
   0.0000000        3.52941193E-02    1.00000000    
   0.0000000        9.01960805E-02    1.00000000    
   0.0000000        0.14509805        1.00000000    
   0.0000000        0.20000000        1.00000000    
   0.0000000        0.25490198        1.00000000    
   0.0000000        0.30980393        1.00000000    
   0.0000000        0.36470589        1.00000000    
   0.0000000        0.41568628        1.00000000    
   0.0000000        0.47058824        1.00000000    
   0.0000000        0.52549022        1.00000000    
   0.0000000        0.58039218        1.00000000    
   0.0000000        0.63529414        1.00000000    
   0.0000000        0.69019610        1.00000000    
   0.0000000        0.74509805        1.00000000    
   0.0000000        0.80000001        1.00000000    
   0.0000000        0.85490197        1.00000000    
   0.0000000        0.90980393        1.00000000    
   0.0000000        0.96470588        1.00000000    
   0.0000000        0.99607843        0.98431373    
   0.0000000        1.00000000        0.92941177    
   0.0000000        1.00000000        0.87450981    
   0.0000000        1.00000000        0.81960785    
   0.0000000        1.00000000        0.76470590    
   0.0000000        1.00000000        0.71372551    
   0.0000000        1.00000000        0.65882355    
   0.0000000        1.00000000        0.60392159    
   0.0000000        1.00000000        0.54901963    
   0.0000000        1.00000000        0.49803922    
   0.0000000        1.00000000        0.44313726    
   0.0000000        1.00000000        0.38823530    
   0.0000000        1.00000000        0.33333334    
   0.0000000        1.00000000        0.28235295    
   0.0000000        1.00000000        0.22745098    
   0.0000000        1.00000000        0.17254902    
   0.0000000        1.00000000        0.11764706    
   0.0000000        1.00000000        6.27451017E-02
  3.92156886E-03    1.00000000        1.17647061E-02
  5.09803928E-02    1.00000000         0.0000000    
  9.41176489E-02    1.00000000         0.0000000    
  0.14901961        1.00000000         0.0000000    
  0.20392157        1.00000000         0.0000000    
  0.25882354        1.00000000         0.0000000    
  0.31372550        1.00000000         0.0000000    
  0.36862746        1.00000000         0.0000000    
  0.42352942        1.00000000         0.0000000    
  0.47843137        1.00000000         0.0000000    
  0.53333336        1.00000000         0.0000000    
  0.58823532        1.00000000         0.0000000    
  0.64313728        1.00000000         0.0000000    
  0.69803923        1.00000000         0.0000000    
  0.75294119        1.00000000         0.0000000    
  0.80784315        1.00000000         0.0000000    
  0.86274511        1.00000000         0.0000000    
  0.91764706        1.00000000         0.0000000    
  0.97254902        1.00000000         0.0000000    
  1.00000000        0.97647059         0.0000000    
  1.00000000        0.92156863         0.0000000    
  1.00000000        0.86666667         0.0000000    
  1.00000000        0.81176472         0.0000000    
  1.00000000        0.76078433         0.0000000    
  1.00000000        0.70588237         0.0000000    
  1.00000000        0.65098041         0.0000000    
  1.00000000        0.59607846         0.0000000    
  1.00000000        0.54117650         0.0000000    
  1.00000000        0.48627451         0.0000000    
  1.00000000        0.43529412         0.0000000    
  1.00000000        0.38039216         0.0000000    
  1.00000000        0.32549021         0.0000000    
  1.00000000        0.27058825         0.0000000    
  1.00000000        0.21568628         0.0000000    
  1.00000000        0.16078432         0.0000000    
  1.00000000        0.10980392         0.0000000    
  1.00000000        5.49019612E-02     0.0000000    
  1.00000000        1.96078438E-02     0.0000000    
