   0.0000000         0.0000000         0.0000000    
  4.31372561E-02     0.0000000         0.0000000    
  9.01960805E-02     0.0000000         0.0000000    
  0.13725491         0.0000000         0.0000000    
  0.18039216         0.0000000         0.0000000    
  0.22745098         0.0000000         0.0000000    
  0.27450982         0.0000000         0.0000000    
  0.31764707         0.0000000         0.0000000    
  0.36470589         0.0000000         0.0000000    
  0.41176471         0.0000000         0.0000000    
  0.45882353         0.0000000         0.0000000    
  0.50196081         0.0000000         0.0000000    
  0.54901963         0.0000000         0.0000000    
  0.59607846         0.0000000         0.0000000    
  0.63921571         0.0000000         0.0000000    
  0.68627453         0.0000000         0.0000000    
  0.73333335         0.0000000         0.0000000    
  0.78039217         0.0000000         0.0000000    
  0.82352942         0.0000000         0.0000000    
  0.87058824         0.0000000         0.0000000    
  0.91764706         0.0000000         0.0000000    
  0.96078432        3.92156886E-03     0.0000000    
  0.99215686        5.09803928E-02     0.0000000    
  0.94117647        9.80392173E-02     0.0000000    
  0.89411765        0.14509805         0.0000000    
  0.84313726        0.19607843         0.0000000    
  0.79215688        0.24313726         0.0000000    
  0.74117649        0.29019609         0.0000000    
  0.69019610        0.34117648         0.0000000    
  0.63921571        0.38823530         0.0000000    
  0.58823532        0.43921569         0.0000000    
  0.53725493        0.48627451         0.0000000    
  0.48627451        0.53333336         0.0000000    
  0.43921569        0.58431375         0.0000000    
  0.38823530        0.63137257         0.0000000    
  0.33725491        0.67843139         0.0000000    
  0.28627452        0.72941178         0.0000000    
  0.23529412        0.77647060         0.0000000    
  0.18431373        0.82352942         0.0000000    
  0.13333334        0.87450981         0.0000000    
  8.23529437E-02    0.92156863         0.0000000    
  3.13725509E-02    0.97254902         0.0000000    
   0.0000000        0.98431373        3.92156877E-02
   0.0000000        0.93725491        8.62745121E-02
   0.0000000        0.88627452        0.13333334    
   0.0000000        0.83921570        0.18039216    
   0.0000000        0.78823531        0.22745098    
   0.0000000        0.74117649        0.27450982    
   0.0000000        0.69019610        0.32156864    
   0.0000000        0.64313728        0.36862746    
   0.0000000        0.59215689        0.41568628    
   0.0000000        0.54509807        0.46274510    
   0.0000000        0.49411765        0.50980395    
   0.0000000        0.44705883        0.55686277    
   0.0000000        0.39607844        0.60392159    
   0.0000000        0.34901962        0.65098041    
   0.0000000        0.30196080        0.69803923    
   0.0000000        0.25098041        0.74509805    
   0.0000000        0.20392157        0.79215688    
   0.0000000        0.15294118        0.83921570    
   0.0000000        0.10588235        0.88627452    
   0.0000000        5.49019612E-02    0.92941177    
   0.0000000        7.84313772E-03    0.97647059    
   0.0000000         0.0000000        0.97647059    
   0.0000000         0.0000000        0.92941177    
   0.0000000         0.0000000        0.87843138    
   0.0000000         0.0000000        0.83137256    
   0.0000000         0.0000000        0.78039217    
   0.0000000         0.0000000        0.73333335    
   0.0000000         0.0000000        0.68235296    
   0.0000000         0.0000000        0.63529414    
   0.0000000         0.0000000        0.58431375    
   0.0000000         0.0000000        0.53725493    
   0.0000000         0.0000000        0.48627451    
   0.0000000         0.0000000        0.43921569    
   0.0000000         0.0000000        0.38823530    
   0.0000000         0.0000000        0.34117648    
   0.0000000         0.0000000        0.29019609    
   0.0000000         0.0000000        0.24313726    
   0.0000000         0.0000000        0.19215687    
   0.0000000         0.0000000        0.14509805    
   0.0000000         0.0000000        9.41176489E-02
   0.0000000         0.0000000        4.70588244E-02
   0.0000000         0.0000000         0.0000000    
