  1.00000000         0.0000000         0.0000000    
  1.00000000        7.45098069E-02     0.0000000    
  1.00000000        0.15294118         0.0000000    
  1.00000000        0.23137255         0.0000000    
  1.00000000        0.30980393         0.0000000    
  1.00000000        0.38431373         0.0000000    
  1.00000000        0.46274510         0.0000000    
  1.00000000        0.54117650         0.0000000    
  1.00000000        0.61960787         0.0000000    
  1.00000000        0.69411767         0.0000000    
  1.00000000        0.77254903         0.0000000    
  1.00000000        0.85098040         0.0000000    
  1.00000000        0.92941177         0.0000000    
  1.00000000        1.00000000         0.0000000    
  0.92156863        1.00000000         0.0000000    
  0.84705883        1.00000000         0.0000000    
  0.76862746        1.00000000         0.0000000    
  0.69019610        1.00000000         0.0000000    
  0.61176473        1.00000000         0.0000000    
  0.53725493        1.00000000         0.0000000    
  0.45882353        1.00000000         0.0000000    
  0.38039216        1.00000000         0.0000000    
  0.30196080        1.00000000         0.0000000    
  0.22745098        1.00000000         0.0000000    
  0.14901961        1.00000000         0.0000000    
  7.05882385E-02    1.00000000         0.0000000    
   0.0000000        1.00000000        7.84313772E-03
   0.0000000        1.00000000        8.23529437E-02
   0.0000000        1.00000000        0.16078432    
   0.0000000        1.00000000        0.23529412    
   0.0000000        1.00000000        0.31372550    
   0.0000000        1.00000000        0.39215687    
   0.0000000        1.00000000        0.46666667    
   0.0000000        1.00000000        0.54509807    
   0.0000000        1.00000000        0.62352943    
   0.0000000        1.00000000        0.69803923    
   0.0000000        1.00000000        0.77647060    
   0.0000000        1.00000000        0.85490197    
   0.0000000        1.00000000        0.92941177    
   0.0000000        0.99215686        1.00000000    
   0.0000000        0.91372550        1.00000000    
   0.0000000        0.83921570        1.00000000    
   0.0000000        0.76078433        1.00000000    
   0.0000000        0.68235296        1.00000000    
   0.0000000        0.60392159        1.00000000    
   0.0000000        0.52941179        1.00000000    
   0.0000000        0.45098040        1.00000000    
   0.0000000        0.37254903        1.00000000    
   0.0000000        0.29411766        1.00000000    
   0.0000000        0.21960784        1.00000000    
   0.0000000        0.14117648        1.00000000    
   0.0000000        6.27451017E-02    1.00000000    
   0.0000000        3.92156886E-03    1.00000000    
  4.70588244E-02     0.0000000        1.00000000    
  7.84313753E-02     0.0000000        1.00000000    
  0.11372549         0.0000000        1.00000000    
  0.14509805         0.0000000        1.00000000    
  0.17647059         0.0000000        1.00000000    
  0.20784314         0.0000000        1.00000000    
  0.23921569         0.0000000        1.00000000    
  0.27058825         0.0000000        1.00000000    
  0.30196080         0.0000000        1.00000000    
  0.33333334         0.0000000        1.00000000    
  0.36470589         0.0000000        1.00000000    
  0.40000001         0.0000000        1.00000000    
  0.43137255         0.0000000        1.00000000    
  0.46274510         0.0000000        1.00000000    
  0.49411765         0.0000000        1.00000000    
  0.52549022         0.0000000        1.00000000    
  0.55686277         0.0000000        1.00000000    
  0.58823532         0.0000000        1.00000000    
  0.61960787         0.0000000        1.00000000    
  0.65098041         0.0000000        1.00000000    
  0.68235296         0.0000000        1.00000000    
  0.71764708         0.0000000        1.00000000    
  0.74901962         0.0000000        1.00000000    
  0.78039217         0.0000000        1.00000000    
  0.81176472         0.0000000        1.00000000    
  0.84313726         0.0000000        1.00000000    
  0.87450981         0.0000000        1.00000000    
  0.90588236         0.0000000        1.00000000    
  0.93725491         0.0000000        1.00000000    
  0.96862745         0.0000000        1.00000000    
  1.00000000         0.0000000        1.00000000    
