   0.0000000         0.0000000         0.0000000    
  0.21568628        1.17647061E-02    1.96078438E-02
  0.43529412        2.35294122E-02    4.31372561E-02
  0.65490198        3.52941193E-02    6.66666701E-02
  0.87450981        4.70588244E-02    9.01960805E-02
  0.97254902        5.88235296E-02    0.11372549    
  0.90980393        7.05882385E-02    0.13725491    
  0.84705883        8.23529437E-02    0.16470589    
  0.78431374        9.41176489E-02    0.18823530    
  0.72156864        0.10588235        0.21176471    
  0.65882355        0.11764706        0.23529412    
  0.59607846        0.12941177        0.25882354    
  0.53333336        0.14509805        0.28627452    
  0.47058824        0.15686275        0.30980393    
  0.40784314        0.16862746        0.33333334    
  0.34509805        0.18039216        0.35686275    
  0.28235295        0.19215687        0.38039216    
  0.21960784        0.20392157        0.40392157    
  0.15686275        0.21568628        0.43137255    
  9.41176489E-02    0.22745098        0.45490196    
  3.13725509E-02    0.23921569        0.47843137    
  0.25098041        0.25098041        0.50196081    
  0.26274511        0.26274511        0.52549022    
  0.27450982        0.27450982        0.54901963    
  0.29019609        0.29019609        0.57647061    
  0.30196080        0.30196080        0.60000002    
  0.31372550        0.31372550        0.62352943    
  0.32549021        0.32549021        0.64705884    
  0.33725491        0.33725491        0.67058825    
  0.34901962        0.34901962        0.69411767    
  0.36078432        0.36078432        0.72156864    
  0.37254903        0.37254903        0.74509805    
  0.38431373        0.38431373        0.76862746    
  0.39607844        0.39607844        0.79215688    
  0.40784314        0.40784314        0.81568629    
  0.41960785        0.41960785        0.83921570    
  0.43529412        0.43529412        0.86666667    
  0.44705883        0.44705883        0.89019608    
  0.45882353        0.45882353        0.91372550    
  0.47058824        0.47058824        0.93725491    
  0.48235294        0.48235294        0.96078432    
  0.49411765        0.49411765        0.98431373    
  0.50588238        0.50588238        0.98431373    
  0.51764709        0.51764709        0.93333334    
  0.52941179        0.52941179        0.88235295    
  0.54117650        0.54117650        0.83137256    
  0.55294120        0.55294120        0.78039217    
  0.56470591        0.56470591        0.72549021    
  0.58039218        0.58039218        0.67450982    
  0.59215689        0.59215689        0.62352943    
  0.60392159        0.60392159        0.57254905    
  0.61568630        0.61568630        0.52156866    
  0.62745100        0.62745100        0.47058824    
  0.63921571        0.63921571        0.41960785    
  0.65098041        0.65098041        0.36862746    
  0.66274512        0.66274512        0.31372550    
  0.67450982        0.67450982        0.26274511    
  0.68627453        0.68627453        0.21176471    
  0.69803923        0.69803923        0.16078432    
  0.70980394        0.70980394        0.10980392    
  0.72549021        0.72549021        5.88235296E-02
  0.73725492        0.73725492        7.84313772E-03
  0.74901962        0.74901962        3.52941193E-02
  0.76078433        0.76078433        8.23529437E-02
  0.77254903        0.77254903        0.12941177    
  0.78431374        0.78431374        0.17254902    
  0.79607844        0.79607844        0.21960784    
  0.80784315        0.80784315        0.26666668    
  0.81960785        0.81960785        0.31372550    
  0.83137256        0.83137256        0.35686275    
  0.84313726        0.84313726        0.40392157    
  0.85490197        0.85490197        0.45098040    
  0.87058824        0.87058824        0.49411765    
  0.88235295        0.88235295        0.54117650    
  0.89411765        0.89411765        0.58823532    
  0.90588236        0.90588236        0.63529414    
  0.91764706        0.91764706        0.67843139    
  0.92941177        0.92941177        0.72549021    
  0.94117647        0.94117647        0.77254903    
  0.95294118        0.95294118        0.81960785    
  0.96470588        0.96470588        0.86274511    
  0.97647059        0.97647059        0.90980393    
  0.98823529        0.98823529        0.95686275    
  1.00000000        1.00000000        1.00000000    
