  1.00000000         0.0000000         0.0000000    
  1.00000000        2.74509806E-02     0.0000000    
  1.00000000        4.70588244E-02     0.0000000    
  1.00000000        6.66666701E-02     0.0000000    
  1.00000000        8.23529437E-02     0.0000000    
  1.00000000        0.10196079         0.0000000    
  1.00000000        0.11764706         0.0000000    
  1.00000000        0.13725491         0.0000000    
  1.00000000        0.15294118         0.0000000    
  1.00000000        0.17254902         0.0000000    
  1.00000000        0.18823530         0.0000000    
  1.00000000        0.20784314         0.0000000    
  1.00000000        0.22745098         0.0000000    
  1.00000000        0.24313726         0.0000000    
  1.00000000        0.26274511         0.0000000    
  1.00000000        0.27843139         0.0000000    
  1.00000000        0.29803923         0.0000000    
  1.00000000        0.31372550         0.0000000    
  1.00000000        0.33333334         0.0000000    
  1.00000000        0.34901962         0.0000000    
  1.00000000        0.36862746         0.0000000    
  1.00000000        0.38431373         0.0000000    
  1.00000000        0.40392157         0.0000000    
  1.00000000        0.41960785         0.0000000    
  1.00000000        0.43921569         0.0000000    
  1.00000000        0.45490196         0.0000000    
  1.00000000        0.47450981         0.0000000    
  1.00000000        0.49019608         0.0000000    
  1.00000000        0.50980395         0.0000000    
  1.00000000        0.52549022         0.0000000    
  1.00000000        0.54509807         0.0000000    
  1.00000000        0.56078434         0.0000000    
  1.00000000        0.58039218         0.0000000    
  1.00000000        0.59607846         0.0000000    
  1.00000000        0.61568630         0.0000000    
  1.00000000        0.63137257         0.0000000    
  1.00000000        0.65098041         0.0000000    
  1.00000000        0.67058825         0.0000000    
  1.00000000        0.68627453         0.0000000    
  1.00000000        0.70588237         0.0000000    
  1.00000000        0.72156864         0.0000000    
  1.00000000        0.74117649         0.0000000    
  1.00000000        0.75686276         0.0000000    
  1.00000000        0.77647060         0.0000000    
  1.00000000        0.79215688         0.0000000    
  1.00000000        0.81176472         0.0000000    
  1.00000000        0.82745099         0.0000000    
  1.00000000        0.84705883         0.0000000    
  1.00000000        0.86274511         0.0000000    
  1.00000000        0.88235295         0.0000000    
  1.00000000        0.89803922         0.0000000    
  1.00000000        0.91764706         0.0000000    
  1.00000000        0.93333334         0.0000000    
  1.00000000        0.95294118         0.0000000    
  0.95294118        0.92941177         0.0000000    
  0.87450981        0.88235295         0.0000000    
  0.80000001        0.83529413         0.0000000    
  0.72156864        0.79215688         0.0000000    
  0.64705884        0.74509805         0.0000000    
  0.56862748        0.69803923         0.0000000    
  0.49019608        0.65098041         0.0000000    
  0.41568628        0.60784316         0.0000000    
  0.33725491        0.56078434         0.0000000    
  0.25882354        0.51372552         0.0000000    
  0.18431373        0.46666667         0.0000000    
  0.10588235        0.41960785         0.0000000    
  2.74509806E-02    0.37647060         0.0000000    
  3.52941193E-02    0.38039216        3.52941193E-02
  9.41176489E-02    0.41568628        9.41176489E-02
  0.15294118        0.45490196        0.15294118    
  0.21176471        0.49019608        0.21176471    
  0.27058825        0.52941179        0.27058825    
  0.32941177        0.56862748        0.32941177    
  0.38823530        0.60392159        0.38823530    
  0.44705883        0.64313728        0.44705883    
  0.50588238        0.68235296        0.50588238    
  0.56470591        0.71764708        0.56470591    
  0.62352943        0.75686276        0.62352943    
  0.68235296        0.79215688        0.68235296    
  0.74117649        0.83137256        0.74117649    
  0.80000001        0.87058824        0.80000001    
  0.85882354        0.90588236        0.85882354    
  0.91764706        0.94509804        0.91764706    
  0.97647059        0.98039216        0.97647059    
