  0.21960784         0.0000000         0.0000000    
  0.23921569         0.0000000         0.0000000    
  0.25882354         0.0000000         0.0000000    
  0.28235295         0.0000000         0.0000000    
  0.30196080         0.0000000         0.0000000    
  0.32156864         0.0000000         0.0000000    
  0.34509805         0.0000000         0.0000000    
  0.36470589         0.0000000         0.0000000    
  0.38431373         0.0000000         0.0000000    
  0.40392157         0.0000000         0.0000000    
  0.42745098         0.0000000         0.0000000    
  0.44705883         0.0000000         0.0000000    
  0.46666667         0.0000000         0.0000000    
  0.49019608         0.0000000         0.0000000    
  0.50980395         0.0000000         0.0000000    
  0.52941179         0.0000000         0.0000000    
  0.54901963         0.0000000         0.0000000    
  0.57254905         0.0000000         0.0000000    
  0.59215689         0.0000000         0.0000000    
  0.61176473         0.0000000         0.0000000    
  0.63529414         0.0000000         0.0000000    
  0.65490198         0.0000000         0.0000000    
  0.67450982         0.0000000         0.0000000    
  0.69411767         0.0000000         0.0000000    
  0.71764708         0.0000000         0.0000000    
  0.73725492         0.0000000         0.0000000    
  0.75686276         0.0000000         0.0000000    
  0.78039217         0.0000000         0.0000000    
  0.80000001         0.0000000         0.0000000    
  0.81960785         0.0000000         0.0000000    
  0.83921570         0.0000000         0.0000000    
  0.86274511         0.0000000         0.0000000    
  0.88235295         0.0000000         0.0000000    
  0.90196079         0.0000000         0.0000000    
  0.92549020         0.0000000         0.0000000    
  0.94509804         0.0000000         0.0000000    
  0.96470588         0.0000000         0.0000000    
  0.98431373         0.0000000         0.0000000    
  1.00000000        7.84313772E-03     0.0000000    
  1.00000000        5.49019612E-02     0.0000000    
  1.00000000        0.10196079         0.0000000    
  1.00000000        0.14901961         0.0000000    
  1.00000000        0.19215687         0.0000000    
  1.00000000        0.23921569         0.0000000    
  1.00000000        0.28627452         0.0000000    
  1.00000000        0.33333334         0.0000000    
  1.00000000        0.38039216         0.0000000    
  1.00000000        0.42352942         0.0000000    
  1.00000000        0.47058824         0.0000000    
  1.00000000        0.50588238        3.13725509E-02
  1.00000000        0.53725493        7.05882385E-02
  1.00000000        0.57254905        0.10980392    
  1.00000000        0.60392159        0.14509805    
  1.00000000        0.63921571        0.18431373    
  1.00000000        0.67058825        0.22352941    
  1.00000000        0.70196080        0.26274511    
  1.00000000        0.73725492        0.30196080    
  1.00000000        0.76862746        0.33725491    
  1.00000000        0.80000001        0.37647060    
  1.00000000        0.83529413        0.41568628    
  1.00000000        0.86666667        0.45490196    
  1.00000000        0.89803922        0.49411765    
  1.00000000        0.93333334        0.52941179    
  1.00000000        0.96470588        0.56862748    
  1.00000000        0.99607843        0.60392159    
  1.00000000        1.00000000        0.61568630    
  1.00000000        1.00000000        0.61960787    
  1.00000000        1.00000000        0.62745100    
  1.00000000        1.00000000        0.63529414    
  1.00000000        1.00000000        0.64313728    
  1.00000000        1.00000000        0.64705884    
  1.00000000        1.00000000        0.65490198    
  1.00000000        1.00000000        0.66274512    
  1.00000000        1.00000000        0.67058825    
  1.00000000        1.00000000        0.67450982    
  1.00000000        1.00000000        0.68235296    
  1.00000000        1.00000000        0.69019610    
  1.00000000        1.00000000        0.69803923    
  1.00000000        1.00000000        0.70196080    
  1.00000000        1.00000000        0.70980394    
  1.00000000        1.00000000        0.71764708    
  1.00000000        1.00000000        0.72549021    
  1.00000000        1.00000000        0.72941178    
  1.00000000        1.00000000        0.73725492    
