   0.0000000         0.0000000         0.0000000    
   0.0000000         0.0000000        4.70588244E-02
   0.0000000         0.0000000        9.41176489E-02
   0.0000000         0.0000000        0.14509805    
   0.0000000         0.0000000        0.19215687    
   0.0000000         0.0000000        0.23921569    
   0.0000000         0.0000000        0.29019609    
   0.0000000         0.0000000        0.33725491    
   0.0000000         0.0000000        0.38431373    
   0.0000000         0.0000000        0.43529412    
   0.0000000         0.0000000        0.48235294    
   0.0000000         0.0000000        0.52941179    
   0.0000000         0.0000000        0.58039218    
   0.0000000         0.0000000        0.62745100    
   0.0000000         0.0000000        0.67450982    
   0.0000000         0.0000000        0.72549021    
   0.0000000         0.0000000        0.77254903    
   0.0000000         0.0000000        0.81960785    
   0.0000000         0.0000000        0.87058824    
   0.0000000         0.0000000        0.91764706    
   0.0000000         0.0000000        0.96470588    
  1.17647061E-02     0.0000000        0.98823529    
  5.88235296E-02     0.0000000        0.94117647    
  0.10588235         0.0000000        0.89411765    
  0.15686275         0.0000000        0.84313726    
  0.20392157         0.0000000        0.79607844    
  0.25098041         0.0000000        0.74901962    
  0.30196080         0.0000000        0.69803923    
  0.34901962         0.0000000        0.65098041    
  0.39607844         0.0000000        0.60392159    
  0.44705883         0.0000000        0.55294120    
  0.49411765         0.0000000        0.50588238    
  0.54117650         0.0000000        0.45882353    
  0.59215689         0.0000000        0.40784314    
  0.63921571         0.0000000        0.36078432    
  0.68627453         0.0000000        0.31372550    
  0.73725492         0.0000000        0.26274511    
  0.78431374         0.0000000        0.21568628    
  0.83137256         0.0000000        0.16862746    
  0.88235295         0.0000000        0.11764706    
  0.92941177         0.0000000        7.05882385E-02
  0.97647059         0.0000000        2.35294122E-02
  1.00000000        2.35294122E-02     0.0000000    
  1.00000000        7.05882385E-02     0.0000000    
  1.00000000        0.11764706         0.0000000    
  1.00000000        0.16862746         0.0000000    
  1.00000000        0.21568628         0.0000000    
  1.00000000        0.26274511         0.0000000    
  1.00000000        0.31372550         0.0000000    
  1.00000000        0.36078432         0.0000000    
  1.00000000        0.40784314         0.0000000    
  1.00000000        0.45882353         0.0000000    
  1.00000000        0.50588238         0.0000000    
  1.00000000        0.55294120         0.0000000    
  1.00000000        0.60392159         0.0000000    
  1.00000000        0.65098041         0.0000000    
  1.00000000        0.69803923         0.0000000    
  1.00000000        0.74901962         0.0000000    
  1.00000000        0.79607844         0.0000000    
  1.00000000        0.84313726         0.0000000    
  1.00000000        0.89411765         0.0000000    
  1.00000000        0.94117647         0.0000000    
  1.00000000        0.98823529         0.0000000    
  1.00000000        1.00000000        3.52941193E-02
  1.00000000        1.00000000        8.23529437E-02
  1.00000000        1.00000000        0.12941177    
  1.00000000        1.00000000        0.18039216    
  1.00000000        1.00000000        0.22745098    
  1.00000000        1.00000000        0.27450982    
  1.00000000        1.00000000        0.32549021    
  1.00000000        1.00000000        0.37254903    
  1.00000000        1.00000000        0.41960785    
  1.00000000        1.00000000        0.47058824    
  1.00000000        1.00000000        0.51764709    
  1.00000000        1.00000000        0.56470591    
  1.00000000        1.00000000        0.61568630    
  1.00000000        1.00000000        0.66274512    
  1.00000000        1.00000000        0.70980394    
  1.00000000        1.00000000        0.76078433    
  1.00000000        1.00000000        0.80784315    
  1.00000000        1.00000000        0.85490197    
  1.00000000        1.00000000        0.90588236    
  1.00000000        1.00000000        0.95294118    
  1.00000000        1.00000000        1.00000000    
