   0.0000000         0.0000000         0.0000000    
  3.13725509E-02     0.0000000        5.49019612E-02
  6.27451017E-02     0.0000000        0.10980392    
  9.80392173E-02     0.0000000        0.16470589    
  0.12941177         0.0000000        0.21960784    
  0.16470589         0.0000000        0.27450982    
  0.19607843         0.0000000        0.32941177    
  0.22745098         0.0000000        0.38431373    
  0.26274511         0.0000000        0.43921569    
  0.29411766         0.0000000        0.49411765    
  0.32941177         0.0000000        0.54901963    
  0.32156864         0.0000000        0.60000002    
  0.29411766         0.0000000        0.65490198    
  0.26274511         0.0000000        0.70588237    
  0.23529412         0.0000000        0.75686276    
  0.20392157         0.0000000        0.81176472    
  0.17647059         0.0000000        0.86274511    
  0.14901961         0.0000000        0.91372550    
  0.11764706         0.0000000        0.96862745    
  8.23529437E-02     0.0000000        1.00000000    
  3.52941193E-02     0.0000000        1.00000000    
   0.0000000        1.56862754E-02    1.00000000    
   0.0000000        8.62745121E-02    1.00000000    
   0.0000000        0.15294118        1.00000000    
   0.0000000        0.22352941        1.00000000    
   0.0000000        0.29019609        1.00000000    
   0.0000000        0.36078432        1.00000000    
   0.0000000        0.43137255        1.00000000    
   0.0000000        0.49803922        1.00000000    
   0.0000000        0.56862748        1.00000000    
   0.0000000        0.63921571        1.00000000    
   0.0000000        0.70588237        1.00000000    
   0.0000000        0.77647060        1.00000000    
   0.0000000        0.84313726        1.00000000    
   0.0000000        0.91372550        1.00000000    
   0.0000000        0.98431373        1.00000000    
   0.0000000        1.00000000        0.95686275    
   0.0000000        1.00000000        0.89803922    
   0.0000000        1.00000000        0.83529413    
   0.0000000        1.00000000        0.77647060    
   0.0000000        1.00000000        0.71764708    
   0.0000000        1.00000000        0.65490198    
   0.0000000        1.00000000        0.59607846    
   0.0000000        1.00000000        0.53333336    
   0.0000000        1.00000000        0.47450981    
   0.0000000        1.00000000        0.41568628    
   0.0000000        1.00000000        0.35294119    
   0.0000000        1.00000000        0.29411766    
   0.0000000        1.00000000        0.23137255    
   0.0000000        1.00000000        0.17254902    
   0.0000000        1.00000000        0.10980392    
   0.0000000        1.00000000        5.09803928E-02
  7.84313772E-03    1.00000000         0.0000000    
  7.05882385E-02    1.00000000         0.0000000    
  0.13333334        1.00000000         0.0000000    
  0.20000000        1.00000000         0.0000000    
  0.26274511        1.00000000         0.0000000    
  0.32941177        1.00000000         0.0000000    
  0.39215687        1.00000000         0.0000000    
  0.45882353        1.00000000         0.0000000    
  0.52156866        1.00000000         0.0000000    
  0.58823532        1.00000000         0.0000000    
  0.65098041        1.00000000         0.0000000    
  0.71764708        1.00000000         0.0000000    
  0.78039217        1.00000000         0.0000000    
  0.84313726        1.00000000         0.0000000    
  0.90980393        1.00000000         0.0000000    
  0.97254902        1.00000000         0.0000000    
  1.00000000        0.96470588         0.0000000    
  1.00000000        0.90196079         0.0000000    
  1.00000000        0.83529413         0.0000000    
  1.00000000        0.77254903         0.0000000    
  1.00000000        0.70588237         0.0000000    
  1.00000000        0.64313728         0.0000000    
  1.00000000        0.58039218         0.0000000    
  1.00000000        0.51372552         0.0000000    
  1.00000000        0.45098040         0.0000000    
  1.00000000        0.38431373         0.0000000    
  1.00000000        0.32156864         0.0000000    
  1.00000000        0.25490198         0.0000000    
  1.00000000        0.19215687         0.0000000    
  1.00000000        0.12549020         0.0000000    
  1.00000000        6.27451017E-02     0.0000000    
  1.00000000         0.0000000         0.0000000    
