   0.0000000         0.0000000         0.0000000    
   0.0000000        0.29411766         0.0000000    
   0.0000000        0.34117648         0.0000000    
   0.0000000        0.38431373         0.0000000    
   0.0000000        0.43529412         0.0000000    
   0.0000000        0.54117650         0.0000000    
   0.0000000        0.65098041         0.0000000    
   0.0000000        0.76078433         0.0000000    
   0.0000000        0.86666667         0.0000000    
   0.0000000        0.97647059         0.0000000    
  6.27451017E-02    0.95686275         0.0000000    
  0.13725491        0.89803922         0.0000000    
  0.20784314        0.82352942         0.0000000    
  0.28235295        0.75294119         0.0000000    
  0.35294119        0.68235296         0.0000000    
  0.42745098        0.60784316         0.0000000    
  0.49803922        0.53725493         0.0000000    
  0.56862748        0.46666667         0.0000000    
  0.64313728        0.39215687         0.0000000    
  0.71372551        0.32156864         0.0000000    
  0.78823531        0.24705882         0.0000000    
  0.85882354        0.17647059         0.0000000    
  0.92941177        0.10588235         0.0000000    
  0.97647059        2.74509806E-02     0.0000000    
  0.98823529         0.0000000         0.0000000    
  0.98823529         0.0000000        7.84313772E-03
  0.98039216         0.0000000        3.52941193E-02
  0.96862745         0.0000000        5.88235296E-02
  0.96078432         0.0000000        8.23529437E-02
  0.95294118         0.0000000        0.10980392    
  0.94509804         0.0000000        0.13333334    
  0.93333334         0.0000000        0.15686275    
  0.92549020         0.0000000        0.18431373    
  0.91764706         0.0000000        0.20784314    
  0.90980393         0.0000000        0.23137255    
  0.89803922         0.0000000        0.25882354    
  0.89019608         0.0000000        0.28235295    
  0.88235295         0.0000000        0.30980393    
  0.87450981         0.0000000        0.33333334    
  0.86274511         0.0000000        0.35686275    
  0.85490197         0.0000000        0.38431373    
  0.84705883         0.0000000        0.40784314    
  0.83921570         0.0000000        0.43137255    
  0.83137256         0.0000000        0.45882353    
  0.81960785         0.0000000        0.48235294    
  0.81176472         0.0000000        0.50588238    
  0.80392158         0.0000000        0.53333336    
  0.79607844         0.0000000        0.55686277    
  0.78431374         0.0000000        0.58431375    
  0.77647060         0.0000000        0.60784316    
  0.76862746         0.0000000        0.63137257    
  0.76078433         0.0000000        0.65882355    
  0.74901962         0.0000000        0.68235296    
  0.74117649         0.0000000        0.70588237    
  0.73333335         0.0000000        0.73333335    
  0.72549021         0.0000000        0.75686276    
  0.71372551         0.0000000        0.78039217    
  0.70588237         0.0000000        0.80784315    
  0.69803923         0.0000000        0.83137256    
  0.69019610         0.0000000        0.85882354    
  0.67843139         0.0000000        0.88235295    
  0.67058825         0.0000000        0.90588236    
  0.66274512         0.0000000        0.93333334    
  0.65490198         0.0000000        0.95686275    
  0.64313728         0.0000000        0.98039216    
  0.63921571         0.0000000        0.99607843    
  0.63529414         0.0000000        1.00000000    
  0.62352943         0.0000000        1.00000000    
  0.61568630         0.0000000        1.00000000    
  0.60392159         0.0000000        1.00000000    
  0.59607846         0.0000000        1.00000000    
  0.58823532         0.0000000        1.00000000    
  0.59607846        3.52941193E-02    1.00000000    
  0.63529414        0.12941177        1.00000000    
  0.67450982        0.22352941        1.00000000    
  0.71372551        0.32156864        1.00000000    
  0.75294119        0.41568628        1.00000000    
  0.79215688        0.50980395        1.00000000    
  0.83137256        0.60784316        1.00000000    
  0.87058824        0.70196080        1.00000000    
  0.90980393        0.80000001        1.00000000    
  0.94901961        0.89411765        1.00000000    
  0.98823529        0.98823529        1.00000000    
  1.00000000        1.00000000        1.00000000    
