   0.0000000         0.0000000         0.0000000    
  1.17647061E-02     0.0000000        2.35294122E-02
  2.35294122E-02     0.0000000        4.70588244E-02
  3.52941193E-02     0.0000000        7.05882385E-02
  4.70588244E-02     0.0000000        9.41176489E-02
  5.88235296E-02     0.0000000        0.11764706    
  7.05882385E-02     0.0000000        0.14509805    
  8.23529437E-02     0.0000000        0.16862746    
  9.41176489E-02     0.0000000        0.19215687    
  0.13333334         0.0000000        0.22352941    
  0.18039216         0.0000000        0.25882354    
  0.22745098         0.0000000        0.29803923    
  0.27843139         0.0000000        0.33333334    
  0.32549021         0.0000000        0.36862746    
  0.37254903         0.0000000        0.40392157    
  0.42352942         0.0000000        0.44313726    
  0.47058824         0.0000000        0.47843137    
  0.49411765         0.0000000        0.50588238    
  0.47450981         0.0000000        0.52549022    
  0.45490196         0.0000000        0.54509807    
  0.43529412         0.0000000        0.56470591    
  0.41568628         0.0000000        0.58431375    
  0.39607844         0.0000000        0.60392159    
  0.37647060         0.0000000        0.62352943    
  0.35686275         0.0000000        0.64313728    
  0.33725491         0.0000000        0.66274512    
  0.31764707         0.0000000        0.68235296    
  0.29803923         0.0000000        0.70196080    
  0.27843139         0.0000000        0.72156864    
  0.25882354         0.0000000        0.74117649    
  0.23921569         0.0000000        0.76078433    
  0.21960784         0.0000000        0.78039217    
  0.20392157         0.0000000        0.79607844    
  0.18431373         0.0000000        0.81568629    
  0.16470589         0.0000000        0.83529413    
  0.14509805         0.0000000        0.85490197    
  0.12549020         0.0000000        0.87450981    
  0.10588235         0.0000000        0.89411765    
  8.62745121E-02     0.0000000        0.91372550    
  6.66666701E-02     0.0000000        0.93333334    
  4.70588244E-02     0.0000000        0.95294118    
  2.74509806E-02     0.0000000        0.97254902    
  1.96078438E-02    1.17647061E-02    0.96078432    
  1.56862754E-02    3.52941193E-02    0.92156863    
  1.56862754E-02    5.88235296E-02    0.88235295    
  1.56862754E-02    8.62745121E-02    0.84313726    
  1.56862754E-02    0.10980392        0.80392158    
  1.17647061E-02    0.13725491        0.76470590    
  1.17647061E-02    0.16078432        0.72549021    
  1.17647061E-02    0.18431373        0.68627453    
  1.17647061E-02    0.21176471        0.64705884    
  1.17647061E-02    0.23529412        0.60784316    
  7.84313772E-03    0.25882354        0.56862748    
  7.84313772E-03    0.28627452        0.52941179    
  7.84313772E-03    0.30980393        0.48627451    
  7.84313772E-03    0.33725491        0.44705883    
  7.84313772E-03    0.36078432        0.40784314    
  3.92156886E-03    0.38431373        0.36862746    
  3.92156886E-03    0.41176471        0.32941177    
  3.92156886E-03    0.43529412        0.29019609    
  3.92156886E-03    0.45882353        0.25098041    
  3.92156886E-03    0.48627451        0.21176471    
   0.0000000        0.50980395        0.17254902    
   0.0000000        0.53725493        0.13333334    
   0.0000000        0.56078434        9.41176489E-02
   0.0000000        0.58431375        5.49019612E-02
   0.0000000        0.61176473        1.56862754E-02
   0.0000000        0.63529414         0.0000000    
   0.0000000        0.65490198         0.0000000    
   0.0000000        0.67843139         0.0000000    
   0.0000000        0.69803923         0.0000000    
   0.0000000        0.72156864         0.0000000    
   0.0000000        0.74117649         0.0000000    
   0.0000000        0.76470590         0.0000000    
   0.0000000        0.78431374         0.0000000    
   0.0000000        0.80784315         0.0000000    
   0.0000000        0.83137256         0.0000000    
   0.0000000        0.85098040         0.0000000    
   0.0000000        0.87450981         0.0000000    
   0.0000000        0.89411765         0.0000000    
   0.0000000        0.91764706         0.0000000    
   0.0000000        0.93725491         0.0000000    
   0.0000000        0.96078432         0.0000000    
   0.0000000        0.98039216         0.0000000    
