   0.0000000         0.0000000         0.0000000    
   0.0000000         0.0000000        2.35294122E-02
   0.0000000         0.0000000        4.70588244E-02
   0.0000000         0.0000000        7.45098069E-02
   0.0000000         0.0000000        9.80392173E-02
   0.0000000         0.0000000        0.12156863    
   0.0000000         0.0000000        0.14901961    
   0.0000000         0.0000000        0.17254902    
   0.0000000         0.0000000        0.20000000    
   0.0000000         0.0000000        0.22352941    
   0.0000000         0.0000000        0.24705882    
   0.0000000        1.96078438E-02    0.27450982    
   0.0000000        5.88235296E-02    0.29803923    
   0.0000000        9.80392173E-02    0.32549021    
   0.0000000        0.13333334        0.34901962    
   0.0000000        0.17254902        0.37647060    
   0.0000000        0.20784314        0.39215687    
   0.0000000        0.24705882        0.39215687    
   0.0000000        0.28627452        0.39215687    
   0.0000000        0.32156864        0.39215687    
   0.0000000        0.36078432        0.39215687    
   0.0000000        0.39607844        0.39215687    
   0.0000000        0.43529412        0.39215687    
   0.0000000        0.47450981        0.39215687    
   0.0000000        0.50980395        0.39215687    
   0.0000000        0.54901963        0.39215687    
   0.0000000        0.58431375        0.39215687    
   0.0000000        0.58431375        0.35686275    
   0.0000000        0.58039218        0.31764707    
   0.0000000        0.57647061        0.27843139    
   0.0000000        0.57254905        0.24313726    
   0.0000000        0.56862748        0.20392157    
   0.0000000        0.56470591        0.16470589    
   0.0000000        0.56078434        0.12941177    
   0.0000000        0.55686277        9.01960805E-02
   0.0000000        0.55294120        5.09803928E-02
   0.0000000        0.54901963        1.56862754E-02
  4.70588244E-02    0.53333336         0.0000000    
  0.14117648        0.50196081         0.0000000    
  0.23137255        0.47058824         0.0000000    
  0.32156864        0.44313726         0.0000000    
  0.41176471        0.41176471         0.0000000    
  0.49019608        0.36470589         0.0000000    
  0.55294120        0.29019609         0.0000000    
  0.61176473        0.21568628         0.0000000    
  0.67058825        0.14117648         0.0000000    
  0.72941178        6.66666701E-02     0.0000000    
  0.78431374         0.0000000         0.0000000    
  0.79215688        2.74509806E-02     0.0000000    
  0.79607844        5.49019612E-02     0.0000000    
  0.80392158        8.62745121E-02     0.0000000    
  0.80784315        0.11372549         0.0000000    
  0.81568629        0.14117648         0.0000000    
  0.82352942        0.16862746         0.0000000    
  0.82745099        0.19607843         0.0000000    
  0.83529413        0.22352941         0.0000000    
  0.83921570        0.25098041         0.0000000    
  0.84705883        0.27843139         0.0000000    
  0.85098040        0.30588236         0.0000000    
  0.85882354        0.33333334         0.0000000    
  0.86274511        0.36078432         0.0000000    
  0.87058824        0.39215687         0.0000000    
  0.87450981        0.41960785         0.0000000    
  0.88235295        0.44705883         0.0000000    
  0.88627452        0.47450981         0.0000000    
  0.89411765        0.50196081         0.0000000    
  0.89803922        0.52941179         0.0000000    
  0.90588236        0.55686277         0.0000000    
  0.91372550        0.58431375         0.0000000    
  0.91764706        0.61176473         0.0000000    
  0.92549020        0.63921571         0.0000000    
  0.92941177        0.66666669         0.0000000    
  0.93725491        0.69803923         0.0000000    
  0.94117647        0.72549021         0.0000000    
  0.94901961        0.75294119         0.0000000    
  0.95294118        0.78039217         0.0000000    
  0.96078432        0.80784315         0.0000000    
  0.96470588        0.83529413         0.0000000    
  0.97254902        0.86274511         0.0000000    
  0.97647059        0.89019608         0.0000000    
  0.98431373        0.91764706         0.0000000    
  0.98823529        0.94509804         0.0000000    
  0.99607843        0.97254902         0.0000000    
  1.00000000        1.00000000         0.0000000    
