   0.0000000         0.0000000        0.50196081    
   0.0000000         0.0000000        0.52941179    
   0.0000000         0.0000000        0.56078434    
   0.0000000         0.0000000        0.58823532    
   0.0000000         0.0000000        0.61960787    
   0.0000000         0.0000000        0.65098041    
   0.0000000         0.0000000        0.67843139    
   0.0000000         0.0000000        0.70980394    
   0.0000000         0.0000000        0.74117649    
   0.0000000         0.0000000        0.76862746    
   0.0000000         0.0000000        0.80000001    
   0.0000000         0.0000000        0.83137256    
   0.0000000         0.0000000        0.85882354    
   0.0000000         0.0000000        0.89019608    
   0.0000000         0.0000000        0.92156863    
   0.0000000         0.0000000        0.94901961    
  3.52941193E-02     0.0000000        0.99607843    
  9.41176489E-02     0.0000000        0.93333334    
  0.15294118         0.0000000        0.86666667    
  0.21176471         0.0000000        0.80392158    
  0.27058825         0.0000000        0.73725492    
  0.31764707         0.0000000        0.67058825    
  0.31372550         0.0000000        0.60784316    
  0.31372550         0.0000000        0.54117650    
  0.31372550         0.0000000        0.47843137    
  0.30980393         0.0000000        0.41176471    
  0.32549021         0.0000000        0.34509805    
  0.38823530         0.0000000        0.27843139    
  0.44705883         0.0000000        0.21176471    
  0.50980395         0.0000000        0.14509805    
  0.56862748         0.0000000        7.84313753E-02
  0.63137257         0.0000000        1.17647061E-02
  0.69411767         0.0000000         0.0000000    
  0.75686276         0.0000000         0.0000000    
  0.82352942         0.0000000         0.0000000    
  0.88627452         0.0000000         0.0000000    
  1.00000000         0.0000000         0.0000000    
  1.00000000        1.17647061E-02     0.0000000    
  1.00000000        7.84313753E-02     0.0000000    
  1.00000000        0.14509805         0.0000000    
  1.00000000        0.20784314         0.0000000    
  1.00000000        0.27450982         0.0000000    
  1.00000000        0.33725491        1.56862754E-02
  1.00000000        0.39607844        7.45098069E-02
  1.00000000        0.45098040        0.13333334    
  1.00000000        0.50980395        0.19215687    
  1.00000000        0.56862748        0.25098041    
  1.00000000        0.62745100        0.30980393    
  1.00000000        0.63921571        0.26666668    
  1.00000000        0.63921571        0.19607843    
  1.00000000        0.63921571        0.12549020    
  1.00000000        0.63921571        5.49019612E-02
  1.00000000        0.63921571         0.0000000    
  0.97647059        0.63921571         0.0000000    
  0.88235295        0.63921571         0.0000000    
  0.78823531        0.63921571         0.0000000    
  0.69411767        0.63921571         0.0000000    
  0.66274512        0.63921571         0.0000000    
  0.72156864        0.69411767        2.74509806E-02
  0.78431374        0.76862746        6.66666701E-02
  0.84705883        0.84313726        0.10196079    
  0.90588236        0.91372550        0.14117648    
  0.96862745        0.98823529        0.18039216    
  1.00000000        1.00000000        0.21960784    
  1.00000000        1.00000000        0.25882354    
  1.00000000        1.00000000        0.29803923    
  1.00000000        1.00000000        0.33725491    
  1.00000000        1.00000000        0.37647060    
  1.00000000        1.00000000        0.41568628    
  1.00000000        1.00000000        0.45490196    
  1.00000000        1.00000000        0.49411765    
  1.00000000        1.00000000        0.53333336    
  1.00000000        1.00000000        0.57254905    
  1.00000000        1.00000000        0.61176473    
  1.00000000        1.00000000        0.65098041    
  1.00000000        1.00000000        0.69019610    
  1.00000000        1.00000000        0.72941178    
  1.00000000        1.00000000        0.76862746    
  1.00000000        1.00000000        0.80784315    
  1.00000000        1.00000000        0.84705883    
  1.00000000        1.00000000        0.88627452    
  1.00000000        1.00000000        0.92549020    
  1.00000000        1.00000000        0.96470588    
  1.00000000        1.00000000        1.00000000    
