   0.0000000         0.0000000        1.00000000    
   0.0000000        4.70588244E-02    1.00000000    
   0.0000000        9.41176489E-02    1.00000000    
   0.0000000        0.14509805        1.00000000    
   0.0000000        0.19215687        1.00000000    
   0.0000000        0.23921569        1.00000000    
   0.0000000        0.29019609        1.00000000    
   0.0000000        0.33725491        1.00000000    
   0.0000000        0.38431373        1.00000000    
   0.0000000        0.43529412        1.00000000    
   0.0000000        0.48235294        1.00000000    
   0.0000000        0.52941179        1.00000000    
   0.0000000        0.58039218        1.00000000    
   0.0000000        0.62745100        1.00000000    
   0.0000000        0.67450982        1.00000000    
   0.0000000        0.72549021        1.00000000    
   0.0000000        0.77254903        1.00000000    
   0.0000000        0.81960785        1.00000000    
   0.0000000        0.87058824        1.00000000    
   0.0000000        0.91764706        1.00000000    
   0.0000000        0.96470588        1.00000000    
   0.0000000        1.00000000        0.98823529    
   0.0000000        1.00000000        0.94117647    
   0.0000000        1.00000000        0.89411765    
   0.0000000        1.00000000        0.84313726    
   0.0000000        1.00000000        0.79607844    
   0.0000000        1.00000000        0.74901962    
   0.0000000        1.00000000        0.69803923    
   0.0000000        1.00000000        0.65098041    
   0.0000000        1.00000000        0.60392159    
   0.0000000        1.00000000        0.55294120    
   0.0000000        1.00000000        0.50588238    
   0.0000000        1.00000000        0.45882353    
   0.0000000        1.00000000        0.40784314    
   0.0000000        1.00000000        0.36078432    
   0.0000000        1.00000000        0.31372550    
   0.0000000        1.00000000        0.26274511    
   0.0000000        1.00000000        0.21568628    
   0.0000000        1.00000000        0.16862746    
   0.0000000        1.00000000        0.11764706    
   0.0000000        1.00000000        7.05882385E-02
   0.0000000        1.00000000        2.35294122E-02
  2.35294122E-02    1.00000000         0.0000000    
  7.05882385E-02    1.00000000         0.0000000    
  0.11764706        1.00000000         0.0000000    
  0.16862746        1.00000000         0.0000000    
  0.21568628        1.00000000         0.0000000    
  0.26274511        1.00000000         0.0000000    
  0.31372550        1.00000000         0.0000000    
  0.36078432        1.00000000         0.0000000    
  0.40784314        1.00000000         0.0000000    
  0.45882353        1.00000000         0.0000000    
  0.50588238        1.00000000         0.0000000    
  0.55294120        1.00000000         0.0000000    
  0.60392159        1.00000000         0.0000000    
  0.65098041        1.00000000         0.0000000    
  0.69803923        1.00000000         0.0000000    
  0.74901962        1.00000000         0.0000000    
  0.79607844        1.00000000         0.0000000    
  0.84313726        1.00000000         0.0000000    
  0.89411765        1.00000000         0.0000000    
  0.94117647        1.00000000         0.0000000    
  0.98823529        1.00000000         0.0000000    
  1.00000000        0.96470588         0.0000000    
  1.00000000        0.91764706         0.0000000    
  1.00000000        0.87058824         0.0000000    
  1.00000000        0.81960785         0.0000000    
  1.00000000        0.77254903         0.0000000    
  1.00000000        0.72549021         0.0000000    
  1.00000000        0.67450982         0.0000000    
  1.00000000        0.62745100         0.0000000    
  1.00000000        0.58039218         0.0000000    
  1.00000000        0.52941179         0.0000000    
  1.00000000        0.48235294         0.0000000    
  1.00000000        0.43529412         0.0000000    
  1.00000000        0.38431373         0.0000000    
  1.00000000        0.33725491         0.0000000    
  1.00000000        0.29019609         0.0000000    
  1.00000000        0.23921569         0.0000000    
  1.00000000        0.19215687         0.0000000    
  1.00000000        0.14509805         0.0000000    
  1.00000000        9.41176489E-02     0.0000000    
  1.00000000        4.70588244E-02     0.0000000    
  1.00000000         0.0000000         0.0000000    
