   0.0000000         0.0000000         0.0000000    
  1.56862754E-02     0.0000000         0.0000000    
  3.13725509E-02     0.0000000         0.0000000    
  5.09803928E-02     0.0000000         0.0000000    
  6.66666701E-02     0.0000000         0.0000000    
  8.62745121E-02     0.0000000         0.0000000    
  0.10196079         0.0000000         0.0000000    
  0.12156863         0.0000000         0.0000000    
  0.13725491         0.0000000         0.0000000    
  0.15686275         0.0000000         0.0000000    
  0.17254902         0.0000000         0.0000000    
  0.18823530         0.0000000         0.0000000    
  0.20784314         0.0000000         0.0000000    
  0.22352941         0.0000000         0.0000000    
  0.24313726         0.0000000         0.0000000    
  0.25882354         0.0000000         0.0000000    
  0.27843139         0.0000000         0.0000000    
  0.29411766         0.0000000         0.0000000    
  0.31372550         0.0000000         0.0000000    
  0.32941177         0.0000000         0.0000000    
  0.34901962         0.0000000         0.0000000    
  0.36470589         0.0000000         0.0000000    
  0.38039216         0.0000000         0.0000000    
  0.40000001         0.0000000         0.0000000    
  0.41568628         0.0000000         0.0000000    
  0.43529412         0.0000000         0.0000000    
  0.45098040         0.0000000         0.0000000    
  0.47058824         0.0000000         0.0000000    
  0.48627451         0.0000000         0.0000000    
  0.50588238         0.0000000         0.0000000    
  0.52156866         0.0000000         0.0000000    
  0.54117650         0.0000000         0.0000000    
  0.55686277         0.0000000         0.0000000    
  0.57254905         0.0000000         0.0000000    
  0.59215689         0.0000000         0.0000000    
  0.60784316         0.0000000         0.0000000    
  0.62745100         0.0000000         0.0000000    
  0.64313728         0.0000000         0.0000000    
  0.66274512         0.0000000         0.0000000    
  0.67843139        3.92156886E-03     0.0000000    
  0.69803923        1.56862754E-02     0.0000000    
  0.71372551        3.92156877E-02     0.0000000    
  0.73333335        6.27451017E-02     0.0000000    
  0.74901962        8.23529437E-02     0.0000000    
  0.76470590        0.10588235         0.0000000    
  0.78431374        0.12941177         0.0000000    
  0.80000001        0.15294118         0.0000000    
  0.81960785        0.17647059         0.0000000    
  0.83529413        0.20000000         0.0000000    
  0.85098040        0.22352941         0.0000000    
  0.87058824        0.24313726         0.0000000    
  0.88627452        0.26666668         0.0000000    
  0.90588236        0.29019609         0.0000000    
  0.92156863        0.31372550         0.0000000    
  0.94117647        0.33725491         0.0000000    
  0.95686275        0.36078432         0.0000000    
  0.97254902        0.38431373         0.0000000    
  0.99215686        0.40392157         0.0000000    
  1.00000000        0.42745098         0.0000000    
  1.00000000        0.45098040         0.0000000    
  1.00000000        0.47450981         0.0000000    
  1.00000000        0.49803922         0.0000000    
  1.00000000        0.52156866        3.92156886E-03
  1.00000000        0.54509807        5.49019612E-02
  1.00000000        0.56862748        0.10196079    
  1.00000000        0.59215689        0.14901961    
  1.00000000        0.61176473        0.19607843    
  1.00000000        0.63529414        0.24313726    
  1.00000000        0.65882355        0.29019609    
  1.00000000        0.68235296        0.33725491    
  1.00000000        0.70588237        0.38431373    
  1.00000000        0.72941178        0.43137255    
  1.00000000        0.74901962        0.47843137    
  1.00000000        0.77254903        0.52941179    
  1.00000000        0.79607844        0.57647061    
  1.00000000        0.81960785        0.62352943    
  1.00000000        0.84313726        0.67058825    
  1.00000000        0.86666667        0.71764708    
  1.00000000        0.88627452        0.76470590    
  1.00000000        0.90980393        0.81176472    
  1.00000000        0.93333334        0.85882354    
  1.00000000        0.95686275        0.90588236    
  1.00000000        0.98039216        0.95294118    
  1.00000000        1.00000000        1.00000000    
