10,0.02,0.05,10,0.0001,1
0.1 -0.487089 -0.467859 -0.323488 0.233261 -0.109026 0.174765 
0.1 -1.03904 1.35509 -0.328241 0.169665 -0.341623 0.079894 
0.1 -0.0948983 0.0426638 0.256512 0.298064 -0.223779 0.172553 
0.1 1.83779 -4.49834 4.61143 -0.163872 0.0732398 0.19277 
0.1 0.21175 2.71565 -1.02037 0.1353 0.275066 0.469114 
0.1 -0.0442142 0.0393093 -0.261498 0.504535 -0.177837 -0.401426 
0.1 -0.172682 0.197018 -0.340969 -0.116287 -0.0385171 0.327324 
0.1 0.17067 0.294614 0.229936 -0.584912 0.261666 0.240846 
0.1 0.0735703 -0.517001 -0.528649 -0.406701 0.321596 -0.634777 
0.1 -0.455851 0.838859 -2.29466 -0.0690527 -0.0407859 -0.62106 
