#  Analytical solution of Radius vs. Time for a collapsing hom sphere
#  nemoinp 0:pi:0.001 | tabmath - - "(%1+sin(%1))/(2*pi*sqrt(8/3)),0.5*(1+cos(%1))" all > iau25-tr.tab

#  Time    Radius
0 1 
0.000194924 1 
0.000389848 0.999999 
0.000584772 0.999998 
0.000779696 0.999996 
0.000974619 0.999994 
0.00116954 0.999991 
0.00136446 0.999988 
0.00155939 0.999984 
0.00175431 0.99998 
0.00194923 0.999975 
0.00214414 0.99997 
0.00233906 0.999964 
0.00253398 0.999958 
0.00272889 0.999951 
0.00292381 0.999944 
0.00311872 0.999936 
0.00331363 0.999928 
0.00350854 0.999919 
0.00370345 0.99991 
0.00389835 0.9999 
0.00409326 0.99989 
0.00428816 0.999879 
0.00448306 0.999868 
0.00467796 0.999856 
0.00487285 0.999844 
0.00506774 0.999831 
0.00526263 0.999818 
0.00545752 0.999804 
0.00565241 0.99979 
0.00584729 0.999775 
0.00604217 0.99976 
0.00623704 0.999744 
0.00643191 0.999728 
0.00662678 0.999711 
0.00682165 0.999694 
0.00701651 0.999676 
0.00721137 0.999658 
0.00740623 0.999639 
0.00760108 0.99962 
0.00779593 0.9996 
0.00799077 0.99958 
0.00818561 0.999559 
0.00838045 0.999538 
0.00857528 0.999516 
0.00877011 0.999494 
0.00896493 0.999471 
0.00915975 0.999448 
0.00935457 0.999424 
0.00954937 0.9994 
0.00974418 0.999375 
0.00993898 0.99935 
0.0101338 0.999324 
0.0103286 0.999298 
0.0105233 0.999271 
0.0107181 0.999244 
0.0109129 0.999216 
0.0111077 0.999188 
0.0113024 0.999159 
0.0114972 0.99913 
0.0116919 0.9991 
0.0118867 0.99907 
0.0120814 0.999039 
0.0122762 0.999008 
0.0124709 0.998976 
0.0126656 0.998944 
0.0128603 0.998911 
0.013055 0.998878 
0.0132497 0.998844 
0.0134444 0.99881 
0.0136391 0.998776 
0.0138338 0.99874 
0.0140285 0.998705 
0.0142231 0.998668 
0.0144178 0.998632 
0.0146125 0.998594 
0.0148071 0.998557 
0.0150017 0.998518 
0.0151964 0.99848 
0.015391 0.998441 
0.0155856 0.998401 
0.0157802 0.998361 
0.0159748 0.99832 
0.0161694 0.998279 
0.016364 0.998237 
0.0165586 0.998195 
0.0167532 0.998152 
0.0169477 0.998109 
0.0171423 0.998065 
0.0173368 0.998021 
0.0175313 0.997976 
0.0177259 0.997931 
0.0179204 0.997885 
0.0181149 0.997839 
0.0183094 0.997793 
0.0185039 0.997745 
0.0186984 0.997698 
0.0188928 0.99765 
0.0190873 0.997601 
0.0192817 0.997552 
0.0194762 0.997502 
0.0196706 0.997452 
0.019865 0.997401 
0.0200595 0.99735 
0.0202539 0.997298 
0.0204482 0.997246 
0.0206426 0.997194 
0.020837 0.99714 
0.0210314 0.997087 
0.0212257 0.997033 
0.0214201 0.996978 
0.0216144 0.996923 
0.0218087 0.996867 
0.022003 0.996811 
0.0221973 0.996755 
0.0223916 0.996697 
0.0225859 0.99664 
0.0227801 0.996582 
0.0229744 0.996523 
0.0231686 0.996464 
0.0233629 0.996404 
0.0235571 0.996344 
0.0237513 0.996284 
0.0239455 0.996223 
0.0241397 0.996161 
0.0243338 0.996099 
0.024528 0.996036 
0.0247221 0.995973 
0.0249163 0.99591 
0.0251104 0.995846 
0.0253045 0.995781 
0.0254986 0.995716 
0.0256927 0.99565 
0.0258867 0.995584 
0.0260808 0.995518 
0.0262748 0.995451 
0.0264689 0.995383 
0.0266629 0.995315 
0.0268569 0.995247 
0.0270509 0.995178 
0.0272449 0.995108 
0.0274388 0.995038 
0.0276328 0.994967 
0.0278267 0.994896 
0.0280206 0.994825 
0.0282145 0.994753 
0.0284084 0.99468 
0.0286023 0.994607 
0.0287962 0.994534 
0.02899 0.99446 
0.0291839 0.994386 
0.0293777 0.994311 
0.0295715 0.994235 
0.0297653 0.994159 
0.0299591 0.994083 
0.0301528 0.994006 
0.0303466 0.993928 
0.0305403 0.99385 
0.030734 0.993772 
0.0309277 0.993693 
0.0311214 0.993614 
0.0313151 0.993534 
0.0315088 0.993453 
0.0317024 0.993372 
0.031896 0.993291 
0.0320896 0.993209 
0.0322832 0.993127 
0.0324768 0.993044 
0.0326704 0.992961 
0.0328639 0.992877 
0.0330574 0.992792 
0.0332509 0.992708 
0.0334444 0.992622 
0.0336379 0.992536 
0.0338314 0.99245 
0.0340248 0.992363 
0.0342182 0.992276 
0.0344116 0.992188 
0.034605 0.9921 
0.0347984 0.992011 
0.0349918 0.991922 
0.0351851 0.991832 
0.0353784 0.991742 
0.0355717 0.991651 
0.035765 0.99156 
0.0359583 0.991468 
0.0361516 0.991376 
0.0363448 0.991283 
0.036538 0.99119 
0.0367312 0.991096 
0.0369244 0.991002 
0.0371175 0.990907 
0.0373107 0.990812 
0.0375038 0.990717 
0.0376969 0.99062 
0.03789 0.990524 
0.0380831 0.990427 
0.0382761 0.990329 
0.0384691 0.990231 
0.0386622 0.990132 
0.0388552 0.990033 
0.0390481 0.989934 
0.0392411 0.989834 
0.039434 0.989733 
0.0396269 0.989632 
0.0398198 0.98953 
0.0400127 0.989428 
0.0402055 0.989326 
0.0403984 0.989223 
0.0405912 0.989119 
0.040784 0.989015 
0.0409768 0.988911 
0.0411695 0.988806 
0.0413622 0.988701 
0.0415549 0.988595 
0.0417476 0.988488 
0.0419403 0.988381 
0.042133 0.988274 
0.0423256 0.988166 
0.0425182 0.988058 
0.0427108 0.987949 
0.0429033 0.987839 
0.0430959 0.98773 
0.0432884 0.987619 
0.0434809 0.987508 
0.0436734 0.987397 
0.0438658 0.987285 
0.0440583 0.987173 
0.0442507 0.98706 
0.0444431 0.986947 
0.0446355 0.986833 
0.0448278 0.986719 
0.0450201 0.986604 
0.0452124 0.986489 
0.0454047 0.986373 
0.045597 0.986257 
0.0457892 0.986141 
0.0459814 0.986023 
0.0461736 0.985906 
0.0463658 0.985788 
0.0465579 0.985669 
0.04675 0.98555 
0.0469421 0.98543 
0.0471342 0.98531 
0.0473262 0.98519 
0.0475183 0.985069 
0.0477103 0.984947 
0.0479022 0.984825 
0.0480942 0.984703 
0.0482861 0.98458 
0.048478 0.984456 
0.0486699 0.984332 
0.0488618 0.984208 
0.0490536 0.984083 
0.0492454 0.983958 
0.0494372 0.983832 
0.049629 0.983705 
0.0498207 0.983578 
0.0500124 0.983451 
0.0502041 0.983323 
0.0503958 0.983195 
0.0505874 0.983066 
0.050779 0.982937 
0.0509706 0.982807 
0.0511621 0.982677 
0.0513537 0.982546 
0.0515452 0.982415 
0.0517367 0.982283 
0.0519281 0.982151 
0.0521196 0.982019 
0.052311 0.981885 
0.0525024 0.981752 
0.0526937 0.981618 
0.052885 0.981483 
0.0530763 0.981348 
0.0532676 0.981213 
0.0534589 0.981077 
0.0536501 0.98094 
0.0538413 0.980803 
0.0540324 0.980666 
0.0542236 0.980528 
0.0544147 0.980389 
0.0546058 0.98025 
0.0547969 0.980111 
0.0549879 0.979971 
0.0551789 0.979831 
0.0553699 0.97969 
0.0555608 0.979549 
0.0557517 0.979407 
0.0559426 0.979265 
0.0561335 0.979122 
0.0563244 0.978979 
0.0565152 0.978835 
0.056706 0.978691 
0.0568967 0.978546 
0.0570874 0.978401 
0.0572781 0.978255 
0.0574688 0.978109 
0.0576595 0.977963 
0.0578501 0.977816 
0.0580407 0.977668 
0.0582312 0.97752 
0.0584217 0.977372 
0.0586122 0.977223 
0.0588027 0.977073 
0.0589931 0.976923 
0.0591836 0.976773 
0.0593739 0.976622 
0.0595643 0.976471 
0.0597546 0.976319 
0.0599449 0.976167 
0.0601352 0.976014 
0.0603254 0.975861 
0.0605156 0.975707 
0.0607058 0.975553 
0.0608959 0.975398 
0.061086 0.975243 
0.0612761 0.975087 
0.0614662 0.974931 
0.0616562 0.974775 
0.0618462 0.974618 
0.0620362 0.97446 
0.0622261 0.974302 
0.062416 0.974144 
0.0626058 0.973985 
0.0627957 0.973825 
0.0629855 0.973665 
0.0631753 0.973505 
0.063365 0.973344 
0.0635547 0.973183 
0.0637444 0.973021 
0.0639341 0.972859 
0.0641237 0.972696 
0.0643133 0.972533 
0.0645028 0.972369 
0.0646923 0.972205 
0.0648818 0.972041 
0.0650713 0.971875 
0.0652607 0.97171 
0.0654501 0.971544 
0.0656395 0.971377 
0.0658288 0.97121 
0.0660181 0.971043 
0.0662074 0.970875 
0.0663966 0.970707 
0.0665858 0.970538 
0.0667749 0.970368 
0.0669641 0.970199 
0.0671532 0.970028 
0.0673422 0.969858 
0.0675313 0.969686 
0.0677203 0.969515 
0.0679092 0.969343 
0.0680982 0.96917 
0.0682871 0.968997 
0.0684759 0.968823 
0.0686648 0.968649 
0.0688536 0.968475 
0.0690423 0.9683 
0.069231 0.968124 
0.0694197 0.967948 
0.0696084 0.967772 
0.069797 0.967595 
0.0699856 0.967418 
0.0701742 0.96724 
0.0703627 0.967062 
0.0705512 0.966883 
0.0707396 0.966704 
0.070928 0.966524 
0.0711164 0.966344 
0.0713048 0.966164 
0.0714931 0.965983 
0.0716814 0.965801 
0.0718696 0.965619 
0.0720578 0.965437 
0.072246 0.965254 
0.0724341 0.96507 
0.0726222 0.964887 
0.0728103 0.964702 
0.0729983 0.964518 
0.0731863 0.964332 
0.0733742 0.964147 
0.0735622 0.96396 
0.07375 0.963774 
0.0739379 0.963587 
0.0741257 0.963399 
0.0743135 0.963211 
0.0745012 0.963023 
0.0746889 0.962834 
0.0748766 0.962644 
0.0750642 0.962455 
0.0752518 0.962264 
0.0754393 0.962073 
0.0756268 0.961882 
0.0758143 0.96169 
0.0760017 0.961498 
0.0761891 0.961306 
0.0763765 0.961113 
0.0765638 0.960919 
0.0767511 0.960725 
0.0769384 0.96053 
0.0771256 0.960336 
0.0773128 0.96014 
0.0774999 0.959944 
0.077687 0.959748 
0.077874 0.959551 
0.0780611 0.959354 
0.078248 0.959156 
0.078435 0.958958 
0.0786219 0.958759 
0.0788088 0.95856 
0.0789956 0.958361 
0.0791824 0.958161 
0.0793691 0.95796 
0.0795558 0.95776 
0.0797425 0.957558 
0.0799291 0.957356 
0.0801157 0.957154 
0.0803023 0.956951 
0.0804888 0.956748 
0.0806753 0.956544 
0.0808617 0.95634 
0.0810481 0.956136 
0.0812345 0.955931 
0.0814208 0.955725 
0.081607 0.955519 
0.0817933 0.955313 
0.0819795 0.955106 
0.0821656 0.954899 
0.0823517 0.954691 
0.0825378 0.954483 
0.0827238 0.954274 
0.0829098 0.954065 
0.0830958 0.953856 
0.0832817 0.953645 
0.0834676 0.953435 
0.0836534 0.953224 
0.0838392 0.953013 
0.0840249 0.952801 
0.0842106 0.952589 
0.0843963 0.952376 
0.0845819 0.952163 
0.0847675 0.951949 
0.084953 0.951735 
0.0851385 0.95152 
0.085324 0.951305 
0.0855094 0.95109 
0.0856947 0.950874 
0.0858801 0.950658 
0.0860654 0.950441 
0.0862506 0.950224 
0.0864358 0.950006 
0.086621 0.949788 
0.0868061 0.949569 
0.0869911 0.94935 
0.0871762 0.949131 
0.0873612 0.948911 
0.0875461 0.94869 
0.087731 0.948469 
0.0879159 0.948248 
0.0881007 0.948026 
0.0882855 0.947804 
0.0884702 0.947581 
0.0886549 0.947358 
0.0888395 0.947135 
0.0890241 0.946911 
0.0892087 0.946686 
0.0893932 0.946461 
0.0895776 0.946236 
0.0897621 0.94601 
0.0899464 0.945784 
0.0901308 0.945557 
0.0903151 0.94533 
0.0904993 0.945103 
0.0906835 0.944875 
0.0908677 0.944646 
0.0910518 0.944417 
0.0912358 0.944188 
0.0914199 0.943958 
0.0916038 0.943728 
0.0917878 0.943497 
0.0919717 0.943266 
0.0921555 0.943035 
0.0923393 0.942803 
0.0925231 0.94257 
0.0927068 0.942337 
0.0928904 0.942104 
0.093074 0.94187 
0.0932576 0.941636 
0.0934411 0.941402 
0.0936246 0.941166 
0.093808 0.940931 
0.0939914 0.940695 
0.0941748 0.940459 
0.0943581 0.940222 
0.0945413 0.939984 
0.0947245 0.939747 
0.0949077 0.939508 
0.0950908 0.93927 
0.0952739 0.939031 
0.0954569 0.938791 
0.0956398 0.938551 
0.0958228 0.938311 
0.0960056 0.93807 
0.0961885 0.937829 
0.0963712 0.937587 
0.096554 0.937345 
0.0967367 0.937103 
0.0969193 0.93686 
0.0971019 0.936616 
0.0972845 0.936372 
0.0974669 0.936128 
0.0976494 0.935883 
0.0978318 0.935638 
0.0980142 0.935392 
0.0981965 0.935146 
0.0983787 0.9349 
0.0985609 0.934653 
0.0987431 0.934406 
0.0989252 0.934158 
0.0991073 0.93391 
0.0992893 0.933661 
0.0994713 0.933412 
0.0996532 0.933162 
0.0998351 0.932912 
0.100017 0.932662 
0.100199 0.932411 
0.10038 0.93216 
0.100562 0.931908 
0.100744 0.931656 
0.100925 0.931404 
0.101107 0.931151 
0.101288 0.930897 
0.10147 0.930643 
0.101651 0.930389 
0.101832 0.930134 
0.102014 0.929879 
0.102195 0.929624 
0.102376 0.929368 
0.102557 0.929111 
0.102738 0.928854 
0.102919 0.928597 
0.1031 0.928339 
0.103281 0.928081 
0.103462 0.927823 
0.103643 0.927564 
0.103824 0.927304 
0.104004 0.927044 
0.104185 0.926784 
0.104366 0.926523 
0.104546 0.926262 
0.104727 0.926001 
0.104907 0.925739 
0.105088 0.925476 
0.105268 0.925213 
0.105448 0.92495 
0.105629 0.924687 
0.105809 0.924422 
0.105989 0.924158 
0.106169 0.923893 
0.106349 0.923628 
0.106529 0.923362 
0.106709 0.923096 
0.106889 0.922829 
0.107069 0.922562 
0.107249 0.922294 
0.107429 0.922026 
0.107608 0.921758 
0.107788 0.921489 
0.107968 0.92122 
0.108147 0.92095 
0.108327 0.92068 
0.108506 0.92041 
0.108685 0.920139 
0.108865 0.919868 
0.109044 0.919596 
0.109223 0.919324 
0.109402 0.919051 
0.109582 0.918779 
0.109761 0.918505 
0.10994 0.918231 
0.110119 0.917957 
0.110297 0.917682 
0.110476 0.917407 
0.110655 0.917132 
0.110834 0.916856 
0.111013 0.91658 
0.111191 0.916303 
0.11137 0.916026 
0.111548 0.915748 
0.111727 0.91547 
0.111905 0.915192 
0.112084 0.914913 
0.112262 0.914634 
0.11244 0.914354 
0.112618 0.914074 
0.112796 0.913794 
0.112975 0.913513 
0.113153 0.913232 
0.113331 0.91295 
0.113509 0.912668 
0.113686 0.912385 
0.113864 0.912102 
0.114042 0.911819 
0.11422 0.911535 
0.114397 0.911251 
0.114575 0.910966 
0.114752 0.910681 
0.11493 0.910396 
0.115107 0.91011 
0.115285 0.909824 
0.115462 0.909537 
0.115639 0.90925 
0.115817 0.908963 
0.115994 0.908675 
0.116171 0.908387 
0.116348 0.908098 
0.116525 0.907809 
0.116702 0.907519 
0.116879 0.90723 
0.117055 0.906939 
0.117232 0.906649 
0.117409 0.906357 
0.117586 0.906066 
0.117762 0.905774 
0.117939 0.905482 
0.118115 0.905189 
0.118292 0.904896 
0.118468 0.904602 
0.118644 0.904308 
0.11882 0.904014 
0.118997 0.903719 
0.119173 0.903424 
0.119349 0.903128 
0.119525 0.902832 
0.119701 0.902536 
0.119877 0.902239 
0.120052 0.901942 
0.120228 0.901644 
0.120404 0.901346 
0.12058 0.901048 
0.120755 0.900749 
0.120931 0.90045 
0.121106 0.90015 
0.121282 0.89985 
0.121457 0.89955 
0.121632 0.899249 
0.121808 0.898948 
0.121983 0.898646 
0.122158 0.898344 
0.122333 0.898042 
0.122508 0.897739 
0.122683 0.897436 
0.122858 0.897132 
0.123033 0.896828 
0.123208 0.896524 
0.123382 0.896219 
0.123557 0.895914 
0.123732 0.895608 
0.123906 0.895302 
0.124081 0.894996 
0.124255 0.894689 
0.124429 0.894382 
0.124604 0.894075 
0.124778 0.893767 
0.124952 0.893458 
0.125126 0.89315 
0.1253 0.892841 
0.125474 0.892531 
0.125648 0.892221 
0.125822 0.891911 
0.125996 0.8916 
0.12617 0.891289 
0.126343 0.890978 
0.126517 0.890666 
0.126691 0.890353 
0.126864 0.890041 
0.127038 0.889728 
0.127211 0.889414 
0.127384 0.889101 
0.127558 0.888786 
0.127731 0.888472 
0.127904 0.888157 
0.128077 0.887841 
0.12825 0.887526 
0.128423 0.88721 
0.128596 0.886893 
0.128769 0.886576 
0.128942 0.886259 
0.129114 0.885941 
0.129287 0.885623 
0.12946 0.885305 
0.129632 0.884986 
0.129805 0.884666 
0.129977 0.884347 
0.130149 0.884027 
0.130322 0.883706 
0.130494 0.883386 
0.130666 0.883065 
0.130838 0.882743 
0.13101 0.882421 
0.131182 0.882099 
0.131354 0.881776 
0.131526 0.881453 
0.131698 0.88113 
0.13187 0.880806 
0.132041 0.880482 
0.132213 0.880157 
0.132384 0.879832 
0.132556 0.879507 
0.132727 0.879181 
0.132899 0.878855 
0.13307 0.878528 
0.133241 0.878201 
0.133412 0.877874 
0.133583 0.877547 
0.133754 0.877219 
0.133925 0.87689 
0.134096 0.876561 
0.134267 0.876232 
0.134438 0.875903 
0.134608 0.875573 
0.134779 0.875243 
0.13495 0.874912 
0.13512 0.874581 
0.135291 0.87425 
0.135461 0.873918 
0.135631 0.873586 
0.135802 0.873253 
0.135972 0.87292 
0.136142 0.872587 
0.136312 0.872254 
0.136482 0.87192 
0.136652 0.871585 
0.136822 0.87125 
0.136991 0.870915 
0.137161 0.87058 
0.137331 0.870244 
0.1375 0.869908 
0.13767 0.869571 
0.137839 0.869234 
0.138009 0.868897 
0.138178 0.868559 
0.138347 0.868221 
0.138517 0.867883 
0.138686 0.867544 
0.138855 0.867205 
0.139024 0.866865 
0.139193 0.866525 
0.139362 0.866185 
0.139531 0.865844 
0.139699 0.865503 
0.139868 0.865162 
0.140037 0.86482 
0.140205 0.864478 
0.140374 0.864136 
0.140542 0.863793 
0.14071 0.86345 
0.140879 0.863106 
0.141047 0.862762 
0.141215 0.862418 
0.141383 0.862073 
0.141551 0.861728 
0.141719 0.861383 
0.141887 0.861037 
0.142055 0.860691 
0.142222 0.860345 
0.14239 0.859998 
0.142558 0.859651 
0.142725 0.859303 
0.142893 0.858955 
0.14306 0.858607 
0.143227 0.858258 
0.143395 0.85791 
0.143562 0.85756 
0.143729 0.857211 
0.143896 0.85686 
0.144063 0.85651 
0.14423 0.856159 
0.144397 0.855808 
0.144564 0.855457 
0.14473 0.855105 
0.144897 0.854753 
0.145063 0.8544 
0.14523 0.854047 
0.145396 0.853694 
0.145563 0.853341 
0.145729 0.852987 
0.145895 0.852632 
0.146061 0.852278 
0.146228 0.851923 
0.146394 0.851567 
0.14656 0.851212 
0.146725 0.850856 
0.146891 0.850499 
0.147057 0.850142 
0.147223 0.849785 
0.147388 0.849428 
0.147554 0.84907 
0.147719 0.848712 
0.147885 0.848353 
0.14805 0.847995 
0.148215 0.847635 
0.14838 0.847276 
0.148546 0.846916 
0.148711 0.846556 
0.148876 0.846195 
0.149041 0.845834 
0.149205 0.845473 
0.14937 0.845111 
0.149535 0.844749 
0.149699 0.844387 
0.149864 0.844024 
0.150029 0.843661 
0.150193 0.843298 
0.150357 0.842934 
0.150522 0.84257 
0.150686 0.842206 
0.15085 0.841841 
0.151014 0.841476 
0.151178 0.841111 
0.151342 0.840745 
0.151506 0.840379 
0.151669 0.840012 
0.151833 0.839646 
0.151997 0.839278 
0.15216 0.838911 
0.152324 0.838543 
0.152487 0.838175 
0.152651 0.837807 
0.152814 0.837438 
0.152977 0.837069 
0.15314 0.836699 
0.153303 0.836329 
0.153466 0.835959 
0.153629 0.835589 
0.153792 0.835218 
0.153955 0.834847 
0.154117 0.834475 
0.15428 0.834104 
0.154443 0.833731 
0.154605 0.833359 
0.154768 0.832986 
0.15493 0.832613 
0.155092 0.832239 
0.155254 0.831866 
0.155416 0.831491 
0.155578 0.831117 
0.15574 0.830742 
0.155902 0.830367 
0.156064 0.829992 
0.156226 0.829616 
0.156388 0.82924 
0.156549 0.828863 
0.156711 0.828486 
0.156872 0.828109 
0.157034 0.827732 
0.157195 0.827354 
0.157356 0.826976 
0.157517 0.826597 
0.157678 0.826219 
0.157839 0.82584 
0.158 0.82546 
0.158161 0.825081 
0.158322 0.8247 
0.158483 0.82432 
0.158643 0.823939 
0.158804 0.823558 
0.158964 0.823177 
0.159125 0.822795 
0.159285 0.822413 
0.159445 0.822031 
0.159606 0.821648 
0.159766 0.821265 
0.159926 0.820882 
0.160086 0.820498 
0.160246 0.820114 
0.160405 0.81973 
0.160565 0.819346 
0.160725 0.818961 
0.160884 0.818576 
0.161044 0.81819 
0.161203 0.817804 
0.161363 0.817418 
0.161522 0.817032 
0.161681 0.816645 
0.16184 0.816258 
0.162 0.81587 
0.162159 0.815482 
0.162317 0.815094 
0.162476 0.814706 
0.162635 0.814317 
0.162794 0.813928 
0.162952 0.813539 
0.163111 0.813149 
0.163269 0.812759 
0.163428 0.812369 
0.163586 0.811979 
0.163744 0.811588 
0.163902 0.811196 
0.164061 0.810805 
0.164219 0.810413 
0.164377 0.810021 
0.164534 0.809629 
0.164692 0.809236 
0.16485 0.808843 
0.165007 0.808449 
0.165165 0.808056 
0.165322 0.807662 
0.16548 0.807267 
0.165637 0.806873 
0.165794 0.806478 
0.165952 0.806083 
0.166109 0.805687 
0.166266 0.805291 
0.166423 0.804895 
0.166579 0.804499 
0.166736 0.804102 
0.166893 0.803705 
0.16705 0.803308 
0.167206 0.80291 
0.167363 0.802512 
0.167519 0.802114 
0.167675 0.801715 
0.167832 0.801316 
0.167988 0.800917 
0.168144 0.800518 
0.1683 0.800118 
0.168456 0.799718 
0.168612 0.799318 
0.168767 0.798917 
0.168923 0.798516 
0.169079 0.798115 
0.169234 0.797713 
0.16939 0.797311 
0.169545 0.796909 
0.1697 0.796507 
0.169855 0.796104 
0.170011 0.795701 
0.170166 0.795298 
0.170321 0.794894 
0.170476 0.79449 
0.17063 0.794086 
0.170785 0.793681 
0.17094 0.793277 
0.171094 0.792871 
0.171249 0.792466 
0.171403 0.79206 
0.171558 0.791654 
0.171712 0.791248 
0.171866 0.790842 
0.17202 0.790435 
0.172174 0.790028 
0.172328 0.78962 
0.172482 0.789212 
0.172636 0.788804 
0.17279 0.788396 
0.172943 0.787987 
0.173097 0.787579 
0.17325 0.787169 
0.173404 0.78676 
0.173557 0.78635 
0.17371 0.78594 
0.173863 0.78553 
0.174017 0.785119 
0.17417 0.784708 
0.174322 0.784297 
0.174475 0.783886 
0.174628 0.783474 
0.174781 0.783062 
0.174933 0.78265 
0.175086 0.782237 
0.175238 0.781824 
0.175391 0.781411 
0.175543 0.780998 
0.175695 0.780584 
0.175847 0.78017 
0.175999 0.779756 
0.176151 0.779341 
0.176303 0.778926 
0.176455 0.778511 
0.176607 0.778096 
0.176758 0.77768 
0.17691 0.777264 
0.177061 0.776848 
0.177213 0.776432 
0.177364 0.776015 
0.177515 0.775598 
0.177666 0.77518 
0.177817 0.774763 
0.177968 0.774345 
0.178119 0.773927 
0.17827 0.773508 
0.178421 0.77309 
0.178571 0.772671 
0.178722 0.772251 
0.178872 0.771832 
0.179023 0.771412 
0.179173 0.770992 
0.179323 0.770572 
0.179474 0.770151 
0.179624 0.76973 
0.179774 0.769309 
0.179924 0.768888 
0.180073 0.768466 
0.180223 0.768044 
0.180373 0.767622 
0.180522 0.767199 
0.180672 0.766777 
0.180821 0.766354 
0.180971 0.76593 
0.18112 0.765507 
0.181269 0.765083 
0.181418 0.764659 
0.181567 0.764235 
0.181716 0.76381 
0.181865 0.763385 
0.182014 0.76296 
0.182162 0.762535 
0.182311 0.762109 
0.18246 0.761683 
0.182608 0.761257 
0.182756 0.76083 
0.182905 0.760404 
0.183053 0.759977 
0.183201 0.759549 
0.183349 0.759122 
0.183497 0.758694 
0.183645 0.758266 
0.183792 0.757838 
0.18394 0.757409 
0.184088 0.756981 
0.184235 0.756552 
0.184383 0.756122 
0.18453 0.755693 
0.184677 0.755263 
0.184824 0.754833 
0.184972 0.754403 
0.185119 0.753972 
0.185265 0.753541 
0.185412 0.75311 
0.185559 0.752679 
0.185706 0.752247 
0.185852 0.751815 
0.185999 0.751383 
0.186145 0.750951 
0.186292 0.750518 
0.186438 0.750086 
0.186584 0.749652 
0.18673 0.749219 
0.186876 0.748786 
0.187022 0.748352 
0.187168 0.747918 
0.187314 0.747483 
0.187459 0.747049 
0.187605 0.746614 
0.18775 0.746179 
0.187896 0.745743 
0.188041 0.745308 
0.188186 0.744872 
0.188331 0.744436 
0.188476 0.744 
0.188621 0.743563 
0.188766 0.743126 
0.188911 0.742689 
0.189056 0.742252 
0.189201 0.741815 
0.189345 0.741377 
0.18949 0.740939 
0.189634 0.740501 
0.189778 0.740062 
0.189922 0.739623 
0.190067 0.739184 
0.190211 0.738745 
0.190355 0.738306 
0.190498 0.737866 
0.190642 0.737426 
0.190786 0.736986 
0.19093 0.736546 
0.191073 0.736105 
0.191217 0.735664 
0.19136 0.735223 
0.191503 0.734782 
0.191646 0.73434 
0.191789 0.733898 
0.191932 0.733456 
0.192075 0.733014 
0.192218 0.732572 
0.192361 0.732129 
0.192504 0.731686 
0.192646 0.731243 
0.192789 0.730799 
0.192931 0.730356 
0.193073 0.729912 
0.193216 0.729468 
0.193358 0.729023 
0.1935 0.728579 
0.193642 0.728134 
0.193784 0.727689 
0.193926 0.727244 
0.194067 0.726798 
0.194209 0.726352 
0.19435 0.725906 
0.194492 0.72546 
0.194633 0.725014 
0.194775 0.724567 
0.194916 0.72412 
0.195057 0.723673 
0.195198 0.723226 
0.195339 0.722778 
0.19548 0.722331 
0.19562 0.721883 
0.195761 0.721435 
0.195902 0.720986 
0.196042 0.720538 
0.196183 0.720089 
0.196323 0.71964 
0.196463 0.71919 
0.196603 0.718741 
0.196743 0.718291 
0.196883 0.717841 
0.197023 0.717391 
0.197163 0.716941 
0.197303 0.71649 
0.197442 0.716039 
0.197582 0.715588 
0.197721 0.715137 
0.197861 0.714686 
0.198 0.714234 
0.198139 0.713782 
0.198278 0.71333 
0.198417 0.712878 
0.198556 0.712425 
0.198695 0.711972 
0.198834 0.711519 
0.198972 0.711066 
0.199111 0.710613 
0.199249 0.710159 
0.199388 0.709705 
0.199526 0.709251 
0.199664 0.708797 
0.199802 0.708343 
0.19994 0.707888 
0.200078 0.707433 
0.200216 0.706978 
0.200354 0.706523 
0.200491 0.706068 
0.200629 0.705612 
0.200767 0.705156 
0.200904 0.7047 
0.201041 0.704244 
0.201179 0.703787 
0.201316 0.703331 
0.201453 0.702874 
0.20159 0.702417 
0.201727 0.701959 
0.201863 0.701502 
0.202 0.701044 
0.202137 0.700586 
0.202273 0.700128 
0.20241 0.69967 
0.202546 0.699211 
0.202682 0.698753 
0.202818 0.698294 
0.202954 0.697835 
0.20309 0.697375 
0.203226 0.696916 
0.203362 0.696456 
0.203498 0.695996 
0.203633 0.695536 
0.203769 0.695076 
0.203904 0.694615 
0.20404 0.694155 
0.204175 0.693694 
0.20431 0.693233 
0.204445 0.692772 
0.20458 0.69231 
0.204715 0.691848 
0.20485 0.691387 
0.204985 0.690925 
0.205119 0.690462 
0.205254 0.69 
0.205388 0.689537 
0.205523 0.689075 
0.205657 0.688612 
0.205791 0.688149 
0.205925 0.687685 
0.206059 0.687222 
0.206193 0.686758 
0.206327 0.686294 
0.206461 0.68583 
0.206594 0.685366 
0.206728 0.684901 
0.206861 0.684437 
0.206995 0.683972 
0.207128 0.683507 
0.207261 0.683042 
0.207394 0.682576 
0.207527 0.682111 
0.20766 0.681645 
0.207793 0.681179 
0.207926 0.680713 
0.208058 0.680246 
0.208191 0.67978 
0.208323 0.679313 
0.208456 0.678847 
0.208588 0.67838 
0.20872 0.677912 
0.208852 0.677445 
0.208984 0.676977 
0.209116 0.67651 
0.209248 0.676042 
0.20938 0.675574 
0.209511 0.675105 
0.209643 0.674637 
0.209774 0.674168 
0.209906 0.6737 
0.210037 0.673231 
0.210168 0.672762 
0.210299 0.672292 
0.21043 0.671823 
0.210561 0.671353 
0.210692 0.670883 
0.210823 0.670413 
0.210953 0.669943 
0.211084 0.669473 
0.211214 0.669002 
0.211345 0.668532 
0.211475 0.668061 
0.211605 0.66759 
0.211735 0.667119 
0.211865 0.666648 
0.211995 0.666176 
0.212125 0.665704 
0.212255 0.665233 
0.212384 0.664761 
0.212514 0.664288 
0.212643 0.663816 
0.212773 0.663344 
0.212902 0.662871 
0.213031 0.662398 
0.21316 0.661925 
0.213289 0.661452 
0.213418 0.660979 
0.213547 0.660505 
0.213676 0.660032 
0.213804 0.659558 
0.213933 0.659084 
0.214061 0.65861 
0.214189 0.658136 
0.214318 0.657661 
0.214446 0.657187 
0.214574 0.656712 
0.214702 0.656237 
0.21483 0.655762 
0.214957 0.655287 
0.215085 0.654811 
0.215213 0.654336 
0.21534 0.65386 
0.215468 0.653384 
0.215595 0.652908 
0.215722 0.652432 
0.215849 0.651956 
0.215976 0.65148 
0.216103 0.651003 
0.21623 0.650526 
0.216357 0.650049 
0.216484 0.649572 
0.21661 0.649095 
0.216737 0.648618 
0.216863 0.64814 
0.216989 0.647663 
0.217115 0.647185 
0.217242 0.646707 
0.217368 0.646229 
0.217494 0.645751 
0.217619 0.645272 
0.217745 0.644794 
0.217871 0.644315 
0.217996 0.643837 
0.218122 0.643358 
0.218247 0.642879 
0.218372 0.642399 
0.218498 0.64192 
0.218623 0.64144 
0.218748 0.640961 
0.218872 0.640481 
0.218997 0.640001 
0.219122 0.639521 
0.219247 0.639041 
0.219371 0.63856 
0.219496 0.63808 
0.21962 0.637599 
0.219744 0.637119 
0.219868 0.636638 
0.219992 0.636157 
0.220116 0.635675 
0.22024 0.635194 
0.220364 0.634713 
0.220488 0.634231 
0.220611 0.633749 
0.220735 0.633268 
0.220858 0.632786 
0.220981 0.632303 
0.221105 0.631821 
0.221228 0.631339 
0.221351 0.630856 
0.221474 0.630374 
0.221596 0.629891 
0.221719 0.629408 
0.221842 0.628925 
0.221964 0.628442 
0.222087 0.627959 
0.222209 0.627475 
0.222331 0.626992 
0.222454 0.626508 
0.222576 0.626024 
0.222698 0.62554 
0.222819 0.625056 
0.222941 0.624572 
0.223063 0.624088 
0.223185 0.623603 
0.223306 0.623119 
0.223428 0.622634 
0.223549 0.622149 
0.22367 0.621664 
0.223791 0.621179 
0.223912 0.620694 
0.224033 0.620209 
0.224154 0.619724 
0.224275 0.619238 
0.224395 0.618752 
0.224516 0.618267 
0.224636 0.617781 
0.224757 0.617295 
0.224877 0.616809 
0.224997 0.616322 
0.225117 0.615836 
0.225237 0.61535 
0.225357 0.614863 
0.225477 0.614376 
0.225597 0.61389 
0.225716 0.613403 
0.225836 0.612916 
0.225955 0.612429 
0.226075 0.611941 
0.226194 0.611454 
0.226313 0.610966 
0.226432 0.610479 
0.226551 0.609991 
0.22667 0.609503 
0.226789 0.609015 
0.226907 0.608527 
0.227026 0.608039 
0.227144 0.607551 
0.227263 0.607063 
0.227381 0.606574 
0.227499 0.606086 
0.227617 0.605597 
0.227735 0.605108 
0.227853 0.604619 
0.227971 0.60413 
0.228089 0.603641 
0.228206 0.603152 
0.228324 0.602663 
0.228441 0.602173 
0.228559 0.601684 
0.228676 0.601194 
0.228793 0.600705 
0.22891 0.600215 
0.229027 0.599725 
0.229144 0.599235 
0.229261 0.598745 
0.229377 0.598255 
0.229494 0.597764 
0.22961 0.597274 
0.229727 0.596783 
0.229843 0.596293 
0.229959 0.595802 
0.230075 0.595311 
0.230191 0.59482 
0.230307 0.594329 
0.230423 0.593838 
0.230539 0.593347 
0.230654 0.592856 
0.23077 0.592365 
0.230885 0.591873 
0.231 0.591382 
0.231116 0.59089 
0.231231 0.590398 
0.231346 0.589906 
0.231461 0.589415 
0.231576 0.588923 
0.23169 0.588431 
0.231805 0.587938 
0.23192 0.587446 
0.232034 0.586954 
0.232148 0.586461 
0.232263 0.585969 
0.232377 0.585476 
0.232491 0.584984 
0.232605 0.584491 
0.232719 0.583998 
0.232833 0.583505 
0.232946 0.583012 
0.23306 0.582519 
0.233173 0.582026 
0.233287 0.581532 
0.2334 0.581039 
0.233513 0.580546 
0.233626 0.580052 
0.233739 0.579559 
0.233852 0.579065 
0.233965 0.578571 
0.234078 0.578077 
0.234191 0.577583 
0.234303 0.577089 
0.234416 0.576595 
0.234528 0.576101 
0.23464 0.575607 
0.234752 0.575113 
0.234864 0.574618 
0.234976 0.574124 
0.235088 0.573629 
0.2352 0.573135 
0.235312 0.57264 
0.235423 0.572145 
0.235535 0.571651 
0.235646 0.571156 
0.235757 0.570661 
0.235868 0.570166 
0.23598 0.569671 
0.236091 0.569176 
0.236201 0.56868 
0.236312 0.568185 
0.236423 0.56769 
0.236534 0.567194 
0.236644 0.566699 
0.236754 0.566203 
0.236865 0.565708 
0.236975 0.565212 
0.237085 0.564716 
0.237195 0.56422 
0.237305 0.563724 
0.237415 0.563228 
0.237525 0.562732 
0.237634 0.562236 
0.237744 0.56174 
0.237853 0.561244 
0.237963 0.560748 
0.238072 0.560251 
0.238181 0.559755 
0.23829 0.559259 
0.238399 0.558762 
0.238508 0.558265 
0.238617 0.557769 
0.238725 0.557272 
0.238834 0.556775 
0.238942 0.556279 
0.239051 0.555782 
0.239159 0.555285 
0.239267 0.554788 
0.239375 0.554291 
0.239483 0.553794 
0.239591 0.553297 
0.239699 0.5528 
0.239807 0.552302 
0.239914 0.551805 
0.240022 0.551308 
0.240129 0.55081 
0.240237 0.550313 
0.240344 0.549815 
0.240451 0.549318 
0.240558 0.54882 
0.240665 0.548323 
0.240772 0.547825 
0.240879 0.547327 
0.240985 0.546829 
0.241092 0.546332 
0.241198 0.545834 
0.241305 0.545336 
0.241411 0.544838 
0.241517 0.54434 
0.241623 0.543842 
0.241729 0.543344 
0.241835 0.542846 
0.241941 0.542347 
0.242046 0.541849 
0.242152 0.541351 
0.242257 0.540853 
0.242363 0.540354 
0.242468 0.539856 
0.242573 0.539357 
0.242678 0.538859 
0.242783 0.53836 
0.242888 0.537862 
0.242993 0.537363 
0.243098 0.536865 
0.243202 0.536366 
0.243307 0.535867 
0.243411 0.535369 
0.243515 0.53487 
0.24362 0.534371 
0.243724 0.533872 
0.243828 0.533373 
0.243932 0.532874 
0.244035 0.532375 
0.244139 0.531877 
0.244243 0.531378 
0.244346 0.530879 
0.24445 0.530379 
0.244553 0.52988 
0.244656 0.529381 
0.24476 0.528882 
0.244863 0.528383 
0.244966 0.527884 
0.245068 0.527384 
0.245171 0.526885 
0.245274 0.526386 
0.245376 0.525887 
0.245479 0.525387 
0.245581 0.524888 
0.245683 0.524388 
0.245786 0.523889 
0.245888 0.52339 
0.24599 0.52289 
0.246091 0.522391 
0.246193 0.521891 
0.246295 0.521392 
0.246397 0.520892 
0.246498 0.520393 
0.246599 0.519893 
0.246701 0.519393 
0.246802 0.518894 
0.246903 0.518394 
0.247004 0.517894 
0.247105 0.517395 
0.247206 0.516895 
0.247306 0.516395 
0.247407 0.515895 
0.247508 0.515396 
0.247608 0.514896 
0.247708 0.514396 
0.247808 0.513896 
0.247909 0.513397 
0.248009 0.512897 
0.248109 0.512397 
0.248208 0.511897 
0.248308 0.511397 
0.248408 0.510897 
0.248507 0.510397 
0.248607 0.509898 
0.248706 0.509398 
0.248805 0.508898 
0.248904 0.508398 
0.249004 0.507898 
0.249102 0.507398 
0.249201 0.506898 
0.2493 0.506398 
0.249399 0.505898 
0.249497 0.505398 
0.249596 0.504898 
0.249694 0.504398 
0.249792 0.503898 
0.249891 0.503398 
0.249989 0.502898 
0.250087 0.502398 
0.250185 0.501898 
0.250282 0.501398 
0.25038 0.500898 
0.250478 0.500398 
0.250575 0.499898 
0.250672 0.499398 
0.25077 0.498898 
0.250867 0.498398 
0.250964 0.497898 
0.251061 0.497398 
0.251158 0.496898 
0.251255 0.496398 
0.251351 0.495898 
0.251448 0.495398 
0.251545 0.494898 
0.251641 0.494398 
0.251737 0.493898 
0.251834 0.493398 
0.25193 0.492898 
0.252026 0.492398 
0.252122 0.491899 
0.252217 0.491399 
0.252313 0.490899 
0.252409 0.490399 
0.252504 0.489899 
0.2526 0.489399 
0.252695 0.488899 
0.25279 0.488399 
0.252886 0.487899 
0.252981 0.487399 
0.253076 0.4869 
0.25317 0.4864 
0.253265 0.4859 
0.25336 0.4854 
0.253454 0.4849 
0.253549 0.484401 
0.253643 0.483901 
0.253738 0.483401 
0.253832 0.482901 
0.253926 0.482402 
0.25402 0.481902 
0.254114 0.481402 
0.254208 0.480903 
0.254301 0.480403 
0.254395 0.479904 
0.254488 0.479404 
0.254582 0.478904 
0.254675 0.478405 
0.254768 0.477905 
0.254861 0.477406 
0.254954 0.476906 
0.255047 0.476407 
0.25514 0.475907 
0.255233 0.475408 
0.255325 0.474909 
0.255418 0.474409 
0.25551 0.47391 
0.255603 0.473411 
0.255695 0.472911 
0.255787 0.472412 
0.255879 0.471913 
0.255971 0.471414 
0.256063 0.470915 
0.256155 0.470415 
0.256246 0.469916 
0.256338 0.469417 
0.256429 0.468918 
0.256521 0.468419 
0.256612 0.46792 
0.256703 0.467421 
0.256794 0.466922 
0.256885 0.466423 
0.256976 0.465925 
0.257067 0.465426 
0.257157 0.464927 
0.257248 0.464428 
0.257338 0.46393 
0.257429 0.463431 
0.257519 0.462932 
0.257609 0.462434 
0.257699 0.461935 
0.257789 0.461436 
0.257879 0.460938 
0.257969 0.46044 
0.258059 0.459941 
0.258148 0.459443 
0.258238 0.458944 
0.258327 0.458446 
0.258417 0.457948 
0.258506 0.45745 
0.258595 0.456952 
0.258684 0.456453 
0.258773 0.455955 
0.258862 0.455457 
0.25895 0.454959 
0.259039 0.454461 
0.259128 0.453963 
0.259216 0.453466 
0.259304 0.452968 
0.259393 0.45247 
0.259481 0.451972 
0.259569 0.451475 
0.259657 0.450977 
0.259745 0.450479 
0.259832 0.449982 
0.25992 0.449484 
0.260008 0.448987 
0.260095 0.44849 
0.260182 0.447992 
0.26027 0.447495 
0.260357 0.446998 
0.260444 0.446501 
0.260531 0.446004 
0.260618 0.445507 
0.260705 0.44501 
0.260791 0.444513 
0.260878 0.444016 
0.260964 0.443519 
0.261051 0.443022 
0.261137 0.442525 
0.261223 0.442029 
0.261309 0.441532 
0.261396 0.441036 
0.261481 0.440539 
0.261567 0.440043 
0.261653 0.439546 
0.261739 0.43905 
0.261824 0.438554 
0.26191 0.438058 
0.261995 0.437562 
0.26208 0.437066 
0.262165 0.43657 
0.26225 0.436074 
0.262335 0.435578 
0.26242 0.435082 
0.262505 0.434586 
0.26259 0.434091 
0.262674 0.433595 
0.262759 0.433099 
0.262843 0.432604 
0.262927 0.432109 
0.263011 0.431613 
0.263096 0.431118 
0.26318 0.430623 
0.263263 0.430128 
0.263347 0.429633 
0.263431 0.429138 
0.263515 0.428643 
0.263598 0.428148 
0.263681 0.427653 
0.263765 0.427158 
0.263848 0.426664 
0.263931 0.426169 
0.264014 0.425675 
0.264097 0.42518 
0.26418 0.424686 
0.264263 0.424192 
0.264345 0.423697 
0.264428 0.423203 
0.26451 0.422709 
0.264593 0.422215 
0.264675 0.421722 
0.264757 0.421228 
0.264839 0.420734 
0.264921 0.42024 
0.265003 0.419747 
0.265085 0.419253 
0.265166 0.41876 
0.265248 0.418267 
0.265329 0.417773 
0.265411 0.41728 
0.265492 0.416787 
0.265573 0.416294 
0.265654 0.415801 
0.265735 0.415308 
0.265816 0.414816 
0.265897 0.414323 
0.265978 0.413831 
0.266058 0.413338 
0.266139 0.412846 
0.266219 0.412353 
0.2663 0.411861 
0.26638 0.411369 
0.26646 0.410877 
0.26654 0.410385 
0.26662 0.409893 
0.2667 0.409401 
0.26678 0.40891 
0.266859 0.408418 
0.266939 0.407927 
0.267018 0.407435 
0.267098 0.406944 
0.267177 0.406453 
0.267256 0.405962 
0.267335 0.405471 
0.267414 0.40498 
0.267493 0.404489 
0.267572 0.403998 
0.267651 0.403507 
0.267729 0.403017 
0.267808 0.402526 
0.267886 0.402036 
0.267964 0.401546 
0.268043 0.401056 
0.268121 0.400566 
0.268199 0.400076 
0.268277 0.399586 
0.268355 0.399096 
0.268432 0.398606 
0.26851 0.398117 
0.268588 0.397627 
0.268665 0.397138 
0.268742 0.396649 
0.26882 0.396159 
0.268897 0.39567 
0.268974 0.395182 
0.269051 0.394693 
0.269128 0.394204 
0.269205 0.393715 
0.269281 0.393227 
0.269358 0.392738 
0.269434 0.39225 
0.269511 0.391762 
0.269587 0.391274 
0.269663 0.390786 
0.269739 0.390298 
0.269815 0.38981 
0.269891 0.389323 
0.269967 0.388835 
0.270043 0.388348 
0.270119 0.38786 
0.270194 0.387373 
0.27027 0.386886 
0.270345 0.386399 
0.27042 0.385912 
0.270495 0.385425 
0.270571 0.384939 
0.270646 0.384452 
0.27072 0.383966 
0.270795 0.383479 
0.27087 0.382993 
0.270945 0.382507 
0.271019 0.382021 
0.271093 0.381535 
0.271168 0.38105 
0.271242 0.380564 
0.271316 0.380079 
0.27139 0.379593 
0.271464 0.379108 
0.271538 0.378623 
0.271612 0.378138 
0.271685 0.377653 
0.271759 0.377168 
0.271832 0.376684 
0.271906 0.376199 
0.271979 0.375715 
0.272052 0.375231 
0.272125 0.374747 
0.272198 0.374263 
0.272271 0.373779 
0.272344 0.373295 
0.272417 0.372811 
0.272489 0.372328 
0.272562 0.371845 
0.272634 0.371361 
0.272707 0.370878 
0.272779 0.370395 
0.272851 0.369912 
0.272923 0.36943 
0.272995 0.368947 
0.273067 0.368465 
0.273139 0.367982 
0.27321 0.3675 
0.273282 0.367018 
0.273354 0.366536 
0.273425 0.366054 
0.273496 0.365573 
0.273567 0.365091 
0.273639 0.36461 
0.27371 0.364129 
0.273781 0.363647 
0.273851 0.363166 
0.273922 0.362686 
0.273993 0.362205 
0.274063 0.361724 
0.274134 0.361244 
0.274204 0.360764 
0.274274 0.360283 
0.274345 0.359803 
0.274415 0.359324 
0.274485 0.358844 
0.274555 0.358364 
0.274624 0.357885 
0.274694 0.357405 
0.274764 0.356926 
0.274833 0.356447 
0.274903 0.355968 
0.274972 0.35549 
0.275041 0.355011 
0.27511 0.354533 
0.27518 0.354054 
0.275248 0.353576 
0.275317 0.353098 
0.275386 0.35262 
0.275455 0.352143 
0.275523 0.351665 
0.275592 0.351188 
0.27566 0.35071 
0.275729 0.350233 
0.275797 0.349756 
0.275865 0.349279 
0.275933 0.348803 
0.276001 0.348326 
0.276069 0.34785 
0.276137 0.347374 
0.276204 0.346898 
0.276272 0.346422 
0.276339 0.345946 
0.276407 0.34547 
0.276474 0.344995 
0.276541 0.34452 
0.276608 0.344045 
0.276675 0.34357 
0.276742 0.343095 
0.276809 0.34262 
0.276876 0.342146 
0.276942 0.341671 
0.277009 0.341197 
0.277075 0.340723 
0.277142 0.340249 
0.277208 0.339775 
0.277274 0.339302 
0.27734 0.338828 
0.277406 0.338355 
0.277472 0.337882 
0.277538 0.337409 
0.277604 0.336936 
0.277669 0.336464 
0.277735 0.335991 
0.2778 0.335519 
0.277866 0.335047 
0.277931 0.334575 
0.277996 0.334103 
0.278061 0.333632 
0.278126 0.33316 
0.278191 0.332689 
0.278256 0.332218 
0.278321 0.331747 
0.278385 0.331276 
0.27845 0.330806 
0.278514 0.330335 
0.278579 0.329865 
0.278643 0.329395 
0.278707 0.328925 
0.278771 0.328455 
0.278835 0.327986 
0.278899 0.327516 
0.278963 0.327047 
0.279026 0.326578 
0.27909 0.326109 
0.279154 0.325641 
0.279217 0.325172 
0.27928 0.324704 
0.279344 0.324236 
0.279407 0.323768 
0.27947 0.3233 
0.279533 0.322832 
0.279596 0.322365 
0.279659 0.321897 
0.279721 0.32143 
0.279784 0.320963 
0.279846 0.320497 
0.279909 0.32003 
0.279971 0.319564 
0.280033 0.319097 
0.280095 0.318631 
0.280158 0.318165 
0.28022 0.3177 
0.280281 0.317234 
0.280343 0.316769 
0.280405 0.316304 
0.280467 0.315839 
0.280528 0.315374 
0.280589 0.31491 
0.280651 0.314445 
0.280712 0.313981 
0.280773 0.313517 
0.280834 0.313053 
0.280895 0.31259 
0.280956 0.312126 
0.281017 0.311663 
0.281078 0.3112 
0.281138 0.310737 
0.281199 0.310274 
0.281259 0.309812 
0.28132 0.309349 
0.28138 0.308887 
0.28144 0.308425 
0.2815 0.307963 
0.28156 0.307502 
0.28162 0.307041 
0.28168 0.306579 
0.281739 0.306118 
0.281799 0.305658 
0.281859 0.305197 
0.281918 0.304737 
0.281977 0.304276 
0.282037 0.303816 
0.282096 0.303357 
0.282155 0.302897 
0.282214 0.302438 
0.282273 0.301978 
0.282332 0.301519 
0.28239 0.301061 
0.282449 0.300602 
0.282508 0.300144 
0.282566 0.299685 
0.282624 0.299227 
0.282683 0.298769 
0.282741 0.298312 
0.282799 0.297854 
0.282857 0.297397 
0.282915 0.29694 
0.282973 0.296483 
0.283031 0.296027 
0.283088 0.29557 
0.283146 0.295114 
0.283203 0.294658 
0.283261 0.294202 
0.283318 0.293747 
0.283375 0.293291 
0.283432 0.292836 
0.283489 0.292381 
0.283546 0.291927 
0.283603 0.291472 
0.28366 0.291018 
0.283717 0.290564 
0.283773 0.29011 
0.28383 0.289656 
0.283886 0.289202 
0.283942 0.288749 
0.283999 0.288296 
0.284055 0.287843 
0.284111 0.287391 
0.284167 0.286938 
0.284223 0.286486 
0.284279 0.286034 
0.284334 0.285582 
0.28439 0.285131 
0.284445 0.284679 
0.284501 0.284228 
0.284556 0.283777 
0.284611 0.283326 
0.284667 0.282876 
0.284722 0.282426 
0.284777 0.281975 
0.284832 0.281526 
0.284886 0.281076 
0.284941 0.280627 
0.284996 0.280177 
0.28505 0.279728 
0.285105 0.27928 
0.285159 0.278831 
0.285214 0.278383 
0.285268 0.277935 
0.285322 0.277487 
0.285376 0.277039 
0.28543 0.276592 
0.285484 0.276145 
0.285538 0.275698 
0.285591 0.275251 
0.285645 0.274804 
0.285698 0.274358 
0.285752 0.273912 
0.285805 0.273466 
0.285859 0.27302 
0.285912 0.272575 
0.285965 0.27213 
0.286018 0.271685 
0.286071 0.27124 
0.286124 0.270796 
0.286176 0.270351 
0.286229 0.269907 
0.286282 0.269464 
0.286334 0.26902 
0.286386 0.268577 
0.286439 0.268134 
0.286491 0.267691 
0.286543 0.267248 
0.286595 0.266806 
0.286647 0.266364 
0.286699 0.265922 
0.286751 0.26548 
0.286802 0.265038 
0.286854 0.264597 
0.286906 0.264156 
0.286957 0.263715 
0.287008 0.263275 
0.28706 0.262835 
0.287111 0.262395 
0.287162 0.261955 
0.287213 0.261515 
0.287264 0.261076 
0.287315 0.260637 
0.287366 0.260198 
0.287416 0.259759 
0.287467 0.259321 
0.287517 0.258883 
0.287568 0.258445 
0.287618 0.258007 
0.287668 0.25757 
0.287718 0.257133 
0.287769 0.256696 
0.287819 0.256259 
0.287868 0.255823 
0.287918 0.255386 
0.287968 0.25495 
0.288018 0.254515 
0.288067 0.254079 
0.288117 0.253644 
0.288166 0.253209 
0.288215 0.252774 
0.288265 0.25234 
0.288314 0.251906 
0.288363 0.251472 
0.288412 0.251038 
0.288461 0.250604 
0.28851 0.250171 
0.288558 0.249738 
0.288607 0.249305 
0.288655 0.248873 
0.288704 0.248441 
0.288752 0.248009 
0.288801 0.247577 
0.288849 0.247145 
0.288897 0.246714 
0.288945 0.246283 
0.288993 0.245853 
0.289041 0.245422 
0.289089 0.244992 
0.289136 0.244562 
0.289184 0.244132 
0.289232 0.243703 
0.289279 0.243274 
0.289326 0.242845 
0.289374 0.242416 
0.289421 0.241988 
0.289468 0.241559 
0.289515 0.241132 
0.289562 0.240704 
0.289609 0.240276 
0.289656 0.239849 
0.289702 0.239423 
0.289749 0.238996 
0.289796 0.23857 
0.289842 0.238143 
0.289888 0.237718 
0.289935 0.237292 
0.289981 0.236867 
0.290027 0.236442 
0.290073 0.236017 
0.290119 0.235593 
0.290165 0.235168 
0.290211 0.234744 
0.290256 0.234321 
0.290302 0.233897 
0.290348 0.233474 
0.290393 0.233051 
0.290438 0.232628 
0.290484 0.232206 
0.290529 0.231784 
0.290574 0.231362 
0.290619 0.230941 
0.290664 0.230519 
0.290709 0.230098 
0.290754 0.229677 
0.290799 0.229257 
0.290843 0.228837 
0.290888 0.228417 
0.290932 0.227997 
0.290977 0.227578 
0.291021 0.227159 
0.291065 0.22674 
0.291109 0.226321 
0.291154 0.225903 
0.291197 0.225485 
0.291241 0.225067 
0.291285 0.22465 
0.291329 0.224232 
0.291373 0.223815 
0.291416 0.223399 
0.29146 0.222982 
0.291503 0.222566 
0.291547 0.22215 
0.29159 0.221735 
0.291633 0.22132 
0.291676 0.220905 
0.291719 0.22049 
0.291762 0.220075 
0.291805 0.219661 
0.291848 0.219247 
0.29189 0.218834 
0.291933 0.218421 
0.291975 0.218007 
0.292018 0.217595 
0.29206 0.217182 
0.292103 0.21677 
0.292145 0.216358 
0.292187 0.215947 
0.292229 0.215535 
0.292271 0.215124 
0.292313 0.214713 
0.292355 0.214303 
0.292396 0.213893 
0.292438 0.213483 
0.29248 0.213073 
0.292521 0.212664 
0.292563 0.212255 
0.292604 0.211846 
0.292645 0.211438 
0.292686 0.211029 
0.292727 0.210621 
0.292768 0.210214 
0.292809 0.209807 
0.29285 0.2094 
0.292891 0.208993 
0.292932 0.208586 
0.292972 0.20818 
0.293013 0.207774 
0.293053 0.207369 
0.293094 0.206964 
0.293134 0.206559 
0.293174 0.206154 
0.293214 0.205749 
0.293254 0.205345 
0.293294 0.204942 
0.293334 0.204538 
0.293374 0.204135 
0.293414 0.203732 
0.293454 0.203329 
0.293493 0.202927 
0.293533 0.202525 
0.293572 0.202123 
0.293612 0.201722 
0.293651 0.201321 
0.29369 0.20092 
0.293729 0.200519 
0.293768 0.200119 
0.293807 0.199719 
0.293846 0.199319 
0.293885 0.19892 
0.293924 0.198521 
0.293962 0.198122 
0.294001 0.197724 
0.294039 0.197326 
0.294078 0.196928 
0.294116 0.19653 
0.294154 0.196133 
0.294193 0.195736 
0.294231 0.19534 
0.294269 0.194943 
0.294307 0.194547 
0.294345 0.194152 
0.294382 0.193756 
0.29442 0.193361 
0.294458 0.192966 
0.294495 0.192572 
0.294533 0.192178 
0.29457 0.191784 
0.294608 0.19139 
0.294645 0.190997 
0.294682 0.190604 
0.294719 0.190212 
0.294756 0.189819 
0.294793 0.189427 
0.29483 0.189035 
0.294867 0.188644 
0.294904 0.188253 
0.29494 0.187862 
0.294977 0.187472 
0.295013 0.187082 
0.29505 0.186692 
0.295086 0.186302 
0.295122 0.185913 
0.295159 0.185524 
0.295195 0.185136 
0.295231 0.184747 
0.295267 0.18436 
0.295303 0.183972 
0.295338 0.183585 
0.295374 0.183198 
0.29541 0.182811 
0.295445 0.182425 
0.295481 0.182039 
0.295516 0.181653 
0.295552 0.181267 
0.295587 0.180882 
0.295622 0.180498 
0.295657 0.180113 
0.295693 0.179729 
0.295728 0.179345 
0.295762 0.178962 
0.295797 0.178579 
0.295832 0.178196 
0.295867 0.177813 
0.295901 0.177431 
0.295936 0.177049 
0.29597 0.176668 
0.296005 0.176286 
0.296039 0.175906 
0.296073 0.175525 
0.296108 0.175145 
0.296142 0.174765 
0.296176 0.174385 
0.29621 0.174006 
0.296244 0.173627 
0.296277 0.173248 
0.296311 0.17287 
0.296345 0.172492 
0.296378 0.172114 
0.296412 0.171737 
0.296445 0.17136 
0.296479 0.170983 
0.296512 0.170607 
0.296545 0.170231 
0.296578 0.169855 
0.296611 0.16948 
0.296644 0.169105 
0.296677 0.16873 
0.29671 0.168356 
0.296743 0.167982 
0.296776 0.167608 
0.296808 0.167235 
0.296841 0.166862 
0.296873 0.166489 
0.296906 0.166117 
0.296938 0.165745 
0.29697 0.165373 
0.297003 0.165002 
0.297035 0.164631 
0.297067 0.16426 
0.297099 0.16389 
0.297131 0.16352 
0.297162 0.16315 
0.297194 0.162781 
0.297226 0.162412 
0.297258 0.162043 
0.297289 0.161675 
0.297321 0.161307 
0.297352 0.160939 
0.297383 0.160572 
0.297415 0.160205 
0.297446 0.159838 
0.297477 0.159472 
0.297508 0.159106 
0.297539 0.158741 
0.29757 0.158375 
0.297601 0.15801 
0.297631 0.157646 
0.297662 0.157282 
0.297693 0.156918 
0.297723 0.156554 
0.297754 0.156191 
0.297784 0.155828 
0.297815 0.155465 
0.297845 0.155103 
0.297875 0.154741 
0.297905 0.15438 
0.297935 0.154019 
0.297965 0.153658 
0.297995 0.153298 
0.298025 0.152937 
0.298055 0.152578 
0.298084 0.152218 
0.298114 0.151859 
0.298144 0.151501 
0.298173 0.151142 
0.298203 0.150784 
0.298232 0.150427 
0.298261 0.150069 
0.29829 0.149712 
0.29832 0.149356 
0.298349 0.148999 
0.298378 0.148643 
0.298407 0.148288 
0.298435 0.147933 
0.298464 0.147578 
0.298493 0.147223 
0.298522 0.146869 
0.29855 0.146515 
0.298579 0.146162 
0.298607 0.145809 
0.298636 0.145456 
0.298664 0.145104 
0.298692 0.144752 
0.29872 0.1444 
0.298748 0.144049 
0.298776 0.143698 
0.298804 0.143347 
0.298832 0.142997 
0.29886 0.142647 
0.298888 0.142297 
0.298916 0.141948 
0.298943 0.141599 
0.298971 0.141251 
0.298998 0.140903 
0.299026 0.140555 
0.299053 0.140208 
0.29908 0.139861 
0.299108 0.139514 
0.299135 0.139168 
0.299162 0.138822 
0.299189 0.138476 
0.299216 0.138131 
0.299243 0.137786 
0.29927 0.137442 
0.299296 0.137098 
0.299323 0.136754 
0.29935 0.13641 
0.299376 0.136067 
0.299403 0.135725 
0.299429 0.135382 
0.299456 0.13504 
0.299482 0.134699 
0.299508 0.134358 
0.299534 0.134017 
0.29956 0.133676 
0.299586 0.133336 
0.299612 0.132996 
0.299638 0.132657 
0.299664 0.132318 
0.29969 0.131979 
0.299715 0.131641 
0.299741 0.131303 
0.299767 0.130966 
0.299792 0.130628 
0.299818 0.130292 
0.299843 0.129955 
0.299868 0.129619 
0.299893 0.129283 
0.299919 0.128948 
0.299944 0.128613 
0.299969 0.128279 
0.299994 0.127944 
0.300019 0.12761 
0.300044 0.127277 
0.300068 0.126944 
0.300093 0.126611 
0.300118 0.126279 
0.300142 0.125947 
0.300167 0.125615 
0.300191 0.125284 
0.300216 0.124953 
0.30024 0.124623 
0.300264 0.124293 
0.300288 0.123963 
0.300313 0.123634 
0.300337 0.123305 
0.300361 0.122976 
0.300385 0.122648 
0.300408 0.12232 
0.300432 0.121992 
0.300456 0.121665 
0.30048 0.121339 
0.300503 0.121012 
0.300527 0.120686 
0.30055 0.120361 
0.300574 0.120036 
0.300597 0.119711 
0.30062 0.119386 
0.300644 0.119062 
0.300667 0.118739 
0.30069 0.118415 
0.300713 0.118092 
0.300736 0.11777 
0.300759 0.117448 
0.300782 0.117126 
0.300805 0.116805 
0.300827 0.116484 
0.30085 0.116163 
0.300873 0.115843 
0.300895 0.115523 
0.300918 0.115203 
0.30094 0.114884 
0.300962 0.114566 
0.300985 0.114247 
0.301007 0.113929 
0.301029 0.113612 
0.301051 0.113295 
0.301073 0.112978 
0.301095 0.112662 
0.301117 0.112346 
0.301139 0.11203 
0.301161 0.111715 
0.301183 0.1114 
0.301204 0.111086 
0.301226 0.110772 
0.301247 0.110458 
0.301269 0.110145 
0.30129 0.109832 
0.301312 0.109519 
0.301333 0.109207 
0.301354 0.108895 
0.301376 0.108584 
0.301397 0.108273 
0.301418 0.107963 
0.301439 0.107653 
0.30146 0.107343 
0.301481 0.107033 
0.301501 0.106725 
0.301522 0.106416 
0.301543 0.106108 
0.301564 0.1058 
0.301584 0.105493 
0.301605 0.105186 
0.301625 0.104879 
0.301646 0.104573 
0.301666 0.104267 
0.301686 0.103962 
0.301707 0.103657 
0.301727 0.103352 
0.301747 0.103048 
0.301767 0.102744 
0.301787 0.102441 
0.301807 0.102138 
0.301827 0.101835 
0.301847 0.101533 
0.301866 0.101231 
0.301886 0.100929 
0.301906 0.100628 
0.301925 0.100328 
0.301945 0.100027 
0.301964 0.0997276 
0.301984 0.0994282 
0.302003 0.0991292 
0.302022 0.0988305 
0.302041 0.0985323 
0.302061 0.0982345 
0.30208 0.097937 
0.302099 0.09764 
0.302118 0.0973434 
0.302137 0.0970471 
0.302156 0.0967513 
0.302175 0.0964559 
0.302193 0.0961609 
0.302212 0.0958663 
0.302231 0.0955721 
0.302249 0.0952783 
0.302268 0.0949849 
0.302286 0.0946919 
0.302305 0.0943993 
0.302323 0.0941071 
0.302341 0.0938153 
0.30236 0.093524 
0.302378 0.093233 
0.302396 0.0929425 
0.302414 0.0926523 
0.302432 0.0923626 
0.30245 0.0920732 
0.302468 0.0917843 
0.302486 0.0914958 
0.302504 0.0912077 
0.302521 0.09092 
0.302539 0.0906327 
0.302557 0.0903458 
0.302574 0.0900593 
0.302592 0.0897733 
0.302609 0.0894876 
0.302627 0.0892024 
0.302644 0.0889176 
0.302661 0.0886331 
0.302679 0.0883491 
0.302696 0.0880655 
0.302713 0.0877824 
0.30273 0.0874996 
0.302747 0.0872172 
0.302764 0.0869353 
0.302781 0.0866537 
0.302798 0.0863726 
0.302815 0.0860919 
0.302831 0.0858116 
0.302848 0.0855317 
0.302865 0.0852523 
0.302881 0.0849732 
0.302898 0.0846946 
0.302914 0.0844164 
0.302931 0.0841386 
0.302947 0.0838612 
0.302964 0.0835842 
0.30298 0.0833077 
0.302996 0.0830315 
0.303012 0.0827558 
0.303028 0.0824805 
0.303044 0.0822056 
0.30306 0.0819311 
0.303076 0.0816571 
0.303092 0.0813835 
0.303108 0.0811102 
0.303124 0.0808375 
0.303139 0.0805651 
0.303155 0.0802931 
0.303171 0.0800216 
0.303186 0.0797505 
0.303202 0.0794798 
0.303217 0.0792095 
0.303233 0.0789396 
0.303248 0.0786702 
0.303263 0.0784012 
0.303279 0.0781326 
0.303294 0.0778644 
0.303309 0.0775967 
0.303324 0.0773294 
0.303339 0.0770625 
0.303354 0.076796 
0.303369 0.0765299 
0.303384 0.0762643 
0.303399 0.0759991 
0.303414 0.0757343 
0.303428 0.0754699 
0.303443 0.075206 
0.303458 0.0749425 
0.303472 0.0746794 
0.303487 0.0744167 
0.303501 0.0741545 
0.303516 0.0738927 
0.30353 0.0736313 
0.303544 0.0733704 
0.303559 0.0731098 
0.303573 0.0728497 
0.303587 0.0725901 
0.303601 0.0723308 
0.303615 0.072072 
0.303629 0.0718136 
0.303643 0.0715556 
0.303657 0.0712981 
0.303671 0.071041 
0.303685 0.0707843 
0.303699 0.0705281 
0.303712 0.0702722 
0.303726 0.0700168 
0.30374 0.0697619 
0.303753 0.0695073 
0.303767 0.0692533 
0.30378 0.0689996 
0.303794 0.0687463 
0.303807 0.0684935 
0.30382 0.0682412 
0.303834 0.0679892 
0.303847 0.0677377 
0.30386 0.0674866 
0.303873 0.067236 
0.303886 0.0669858 
0.303899 0.066736 
0.303912 0.0664866 
0.303925 0.0662377 
0.303938 0.0659892 
0.303951 0.0657412 
0.303964 0.0654936 
0.303977 0.0652464 
0.303989 0.0649997 
0.304002 0.0647534 
0.304014 0.0645075 
0.304027 0.064262 
0.30404 0.064017 
0.304052 0.0637725 
0.304064 0.0635284 
0.304077 0.0632847 
0.304089 0.0630414 
0.304101 0.0627986 
0.304114 0.0625562 
0.304126 0.0623143 
0.304138 0.0620728 
0.30415 0.0618317 
0.304162 0.0615911 
0.304174 0.0613509 
0.304186 0.0611111 
0.304198 0.0608718 
0.30421 0.0606329 
0.304221 0.0603945 
0.304233 0.0601565 
0.304245 0.0599189 
0.304256 0.0596818 
0.304268 0.0594451 
0.30428 0.0592089 
0.304291 0.0589731 
0.304303 0.0587378 
0.304314 0.0585028 
0.304325 0.0582684 
0.304337 0.0580343 
0.304348 0.0578008 
0.304359 0.0575676 
0.304371 0.0573349 
0.304382 0.0571026 
0.304393 0.0568708 
0.304404 0.0566395 
0.304415 0.0564085 
0.304426 0.056178 
0.304437 0.055948 
0.304448 0.0557184 
0.304458 0.0554892 
0.304469 0.0552605 
0.30448 0.0550323 
0.304491 0.0548044 
0.304501 0.0545771 
0.304512 0.0543501 
0.304523 0.0541237 
0.304533 0.0538976 
0.304544 0.053672 
0.304554 0.0534469 
0.304564 0.0532222 
0.304575 0.0529979 
0.304585 0.0527741 
0.304595 0.0525508 
0.304606 0.0523278 
0.304616 0.0521054 
0.304626 0.0518834 
0.304636 0.0516618 
0.304646 0.0514407 
0.304656 0.05122 
0.304666 0.0509998 
0.304676 0.05078 
0.304686 0.0505607 
0.304696 0.0503418 
0.304705 0.0501234 
0.304715 0.0499054 
0.304725 0.0496879 
0.304735 0.0494708 
0.304744 0.0492542 
0.304754 0.049038 
0.304763 0.0488223 
0.304773 0.048607 
0.304782 0.0483922 
0.304792 0.0481778 
0.304801 0.0479639 
0.30481 0.0477505 
0.30482 0.0475375 
0.304829 0.0473249 
0.304838 0.0471128 
0.304847 0.0469011 
0.304856 0.0466899 
0.304865 0.0464792 
0.304874 0.0462689 
0.304883 0.0460591 
0.304892 0.0458497 
0.304901 0.0456407 
0.30491 0.0454323 
0.304919 0.0452242 
0.304928 0.0450167 
0.304937 0.0448096 
0.304945 0.0446029 
0.304954 0.0443967 
0.304963 0.0441909 
0.304971 0.0439857 
0.30498 0.0437808 
0.304988 0.0435764 
0.304997 0.0433725 
0.305005 0.0431691 
0.305014 0.042966 
0.305022 0.0427635 
0.30503 0.0425614 
0.305039 0.0423598 
0.305047 0.0421586 
0.305055 0.0419579 
0.305063 0.0417576 
0.305071 0.0415578 
0.305079 0.0413584 
0.305087 0.0411596 
0.305095 0.0409611 
0.305103 0.0407632 
0.305111 0.0405656 
0.305119 0.0403686 
0.305127 0.040172 
0.305135 0.0399759 
0.305143 0.0397802 
0.30515 0.039585 
0.305158 0.0393902 
0.305166 0.0391959 
0.305173 0.0390021 
0.305181 0.0388087 
0.305188 0.0386158 
0.305196 0.0384234 
0.305203 0.0382314 
0.305211 0.0380399 
0.305218 0.0378488 
0.305226 0.0376582 
0.305233 0.0374681 
0.30524 0.0372784 
0.305247 0.0370892 
0.305255 0.0369004 
0.305262 0.0367122 
0.305269 0.0365243 
0.305276 0.036337 
0.305283 0.0361501 
0.30529 0.0359636 
0.305297 0.0357777 
0.305304 0.0355922 
0.305311 0.0354071 
0.305318 0.0352226 
0.305325 0.0350385 
0.305332 0.0348548 
0.305338 0.0346716 
0.305345 0.0344889 
0.305352 0.0343067 
0.305358 0.0341249 
0.305365 0.0339436 
0.305372 0.0337627 
0.305378 0.0335823 
0.305385 0.0334024 
0.305391 0.033223 
0.305398 0.033044 
0.305404 0.0328655 
0.305411 0.0326874 
0.305417 0.0325098 
0.305423 0.0323327 
0.30543 0.0321561 
0.305436 0.0319799 
0.305442 0.0318042 
0.305448 0.0316289 
0.305454 0.0314541 
0.30546 0.0312798 
0.305467 0.031106 
0.305473 0.0309326 
0.305479 0.0307597 
0.305485 0.0305873 
0.305491 0.0304153 
0.305496 0.0302438 
0.305502 0.0300728 
0.305508 0.0299023 
0.305514 0.0297322 
0.30552 0.0295626 
0.305525 0.0293934 
0.305531 0.0292248 
0.305537 0.0290566 
0.305543 0.0288888 
0.305548 0.0287216 
0.305554 0.0285548 
0.305559 0.0283885 
0.305565 0.0282226 
0.30557 0.0280573 
0.305576 0.0278924 
0.305581 0.0277279 
0.305587 0.027564 
0.305592 0.0274005 
0.305597 0.0272375 
0.305603 0.0270749 
0.305608 0.0269129 
0.305613 0.0267513 
0.305618 0.0265902 
0.305623 0.0264295 
0.305629 0.0262693 
0.305634 0.0261096 
0.305639 0.0259504 
0.305644 0.0257917 
0.305649 0.0256334 
0.305654 0.0254756 
0.305659 0.0253183 
0.305664 0.0251614 
0.305668 0.025005 
0.305673 0.0248491 
0.305678 0.0246937 
0.305683 0.0245387 
0.305688 0.0243843 
0.305692 0.0242303 
0.305697 0.0240767 
0.305702 0.0239237 
0.305707 0.0237711 
0.305711 0.023619 
0.305716 0.0234674 
0.30572 0.0233163 
0.305725 0.0231656 
0.305729 0.0230154 
0.305734 0.0228657 
0.305738 0.0227165 
0.305743 0.0225677 
0.305747 0.0224194 
0.305751 0.0222716 
0.305756 0.0221243 
0.30576 0.0219774 
0.305764 0.0218311 
0.305769 0.0216852 
0.305773 0.0215398 
0.305777 0.0213948 
0.305781 0.0212504 
0.305785 0.0211064 
0.305789 0.0209629 
0.305793 0.0208199 
0.305797 0.0206773 
0.305801 0.0205353 
0.305805 0.0203937 
0.305809 0.0202526 
0.305813 0.0201119 
0.305817 0.0199718 
0.305821 0.0198321 
0.305825 0.019693 
0.305829 0.0195543 
0.305833 0.019416 
0.305836 0.0192783 
0.30584 0.019141 
0.305844 0.0190043 
0.305848 0.018868 
0.305851 0.0187321 
0.305855 0.0185968 
0.305858 0.0184619 
0.305862 0.0183276 
0.305866 0.0181937 
0.305869 0.0180603 
0.305873 0.0179273 
0.305876 0.0177949 
0.30588 0.0176629 
0.305883 0.0175314 
0.305886 0.0174004 
0.30589 0.0172699 
0.305893 0.0171399 
0.305896 0.0170103 
0.3059 0.0168813 
0.305903 0.0167527 
0.305906 0.0166246 
0.305909 0.016497 
0.305913 0.0163698 
0.305916 0.0162432 
0.305919 0.016117 
0.305922 0.0159913 
0.305925 0.0158661 
0.305928 0.0157414 
0.305931 0.0156172 
0.305934 0.0154934 
0.305937 0.0153702 
0.30594 0.0152474 
0.305943 0.0151251 
0.305946 0.0150033 
0.305949 0.014882 
0.305952 0.0147611 
0.305955 0.0146408 
0.305958 0.0145209 
0.305961 0.0144015 
0.305963 0.0142826 
0.305966 0.0141642 
0.305969 0.0140463 
0.305972 0.0139289 
0.305974 0.0138119 
0.305977 0.0136954 
0.30598 0.0135795 
0.305982 0.013464 
0.305985 0.013349 
0.305988 0.0132344 
0.30599 0.0131204 
0.305993 0.0130069 
0.305995 0.0128938 
0.305998 0.0127812 
0.306 0.0126691 
0.306003 0.0125575 
0.306005 0.0124464 
0.306008 0.0123358 
0.30601 0.0122257 
0.306012 0.012116 
0.306015 0.0120069 
0.306017 0.0118982 
0.306019 0.01179 
0.306022 0.0116823 
0.306024 0.0115751 
0.306026 0.0114684 
0.306028 0.0113622 
0.30603 0.0112564 
0.306033 0.0111512 
0.306035 0.0110464 
0.306037 0.0109421 
0.306039 0.0108383 
0.306041 0.010735 
0.306043 0.0106322 
0.306045 0.0105299 
0.306047 0.0104281 
0.306049 0.0103267 
0.306051 0.0102259 
0.306053 0.0101255 
0.306055 0.0100257 
0.306057 0.00992629 
0.306059 0.0098274 
0.306061 0.009729 
0.306063 0.00963109 
0.306065 0.00953367 
0.306067 0.00943674 
0.306069 0.0093403 
0.30607 0.00924436 
0.306072 0.0091489 
0.306074 0.00905393 
0.306076 0.00895946 
0.306077 0.00886547 
0.306079 0.00877198 
0.306081 0.00867898 
0.306083 0.00858647 
0.306084 0.00849445 
0.306086 0.00840292 
0.306087 0.00831189 
0.306089 0.00822134 
0.306091 0.00813129 
0.306092 0.00804173 
0.306094 0.00795266 
0.306095 0.00786409 
0.306097 0.007776 
0.306098 0.00768841 
0.3061 0.00760131 
0.306101 0.0075147 
0.306103 0.00742859 
0.306104 0.00734297 
0.306106 0.00725784 
0.306107 0.0071732 
0.306108 0.00708906 
0.30611 0.0070054 
0.306111 0.00692225 
0.306113 0.00683958 
0.306114 0.00675741 
0.306115 0.00667573 
0.306116 0.00659455 
0.306118 0.00651385 
0.306119 0.00643366 
0.30612 0.00635395 
0.306122 0.00627474 
0.306123 0.00619602 
0.306124 0.0061178 
0.306125 0.00604007 
0.306126 0.00596283 
0.306127 0.00588609 
0.306129 0.00580984 
0.30613 0.00573409 
0.306131 0.00565883 
0.306132 0.00558407 
0.306133 0.0055098 
0.306134 0.00543602 
0.306135 0.00536274 
0.306136 0.00528995 
0.306137 0.00521766 
0.306138 0.00514586 
0.306139 0.00507456 
0.30614 0.00500375 
0.306141 0.00493344 
0.306142 0.00486362 
0.306143 0.0047943 
0.306144 0.00472547 
0.306145 0.00465714 
0.306146 0.0045893 
0.306147 0.00452196 
0.306148 0.00445512 
0.306148 0.00438877 
0.306149 0.00432291 
0.30615 0.00425755 
0.306151 0.00419269 
0.306152 0.00412832 
0.306153 0.00406445 
0.306153 0.00400108 
0.306154 0.0039382 
0.306155 0.00387581 
0.306156 0.00381393 
0.306156 0.00375254 
0.306157 0.00369164 
0.306158 0.00363124 
0.306158 0.00357134 
0.306159 0.00351194 
0.30616 0.00345303 
0.30616 0.00339461 
0.306161 0.0033367 
0.306162 0.00327928 
0.306162 0.00322236 
0.306163 0.00316593 
0.306164 0.00311 
0.306164 0.00305457 
0.306165 0.00299963 
0.306165 0.0029452 
0.306166 0.00289125 
0.306167 0.00283781 
0.306167 0.00278486 
0.306168 0.00273241 
0.306168 0.00268046 
0.306169 0.00262901 
0.306169 0.00257805 
0.30617 0.00252759 
0.30617 0.00247763 
0.306171 0.00242816 
0.306171 0.00237919 
0.306172 0.00233072 
0.306172 0.00228275 
0.306172 0.00223528 
0.306173 0.0021883 
0.306173 0.00214182 
0.306174 0.00209584 
0.306174 0.00205035 
0.306175 0.00200537 
0.306175 0.00196088 
0.306175 0.00191689 
0.306176 0.0018734 
0.306176 0.00183041 
0.306176 0.00178791 
0.306177 0.00174592 
0.306177 0.00170442 
0.306177 0.00166342 
0.306178 0.00162292 
0.306178 0.00158291 
0.306178 0.00154341 
0.306179 0.0015044 
0.306179 0.00146589 
0.306179 0.00142788 
0.306179 0.00139037 
0.30618 0.00135336 
0.30618 0.00131684 
0.30618 0.00128083 
0.306181 0.00124531 
0.306181 0.0012103 
0.306181 0.00117578 
0.306181 0.00114176 
0.306181 0.00110824 
0.306182 0.00107521 
0.306182 0.00104269 
0.306182 0.00101067 
0.306182 0.00097914 
0.306182 0.000948114 
0.306183 0.000917587 
0.306183 0.000887558 
0.306183 0.000858029 
0.306183 0.000828999 
0.306183 0.000800468 
0.306183 0.000772437 
0.306184 0.000744904 
0.306184 0.000717871 
0.306184 0.000691337 
0.306184 0.000665303 
0.306184 0.000639768 
0.306184 0.000614732 
0.306184 0.000590195 
0.306184 0.000566158 
0.306185 0.000542621 
0.306185 0.000519583 
0.306185 0.000497044 
0.306185 0.000475005 
0.306185 0.000453465 
0.306185 0.000432425 
0.306185 0.000411884 
0.306185 0.000391843 
0.306185 0.000372302 
0.306185 0.00035326 
0.306185 0.000334718 
0.306185 0.000316676 
0.306186 0.000299133 
0.306186 0.00028209 
0.306186 0.000265547 
0.306186 0.000249503 
0.306186 0.000233959 
0.306186 0.000218915 
0.306186 0.000204371 
0.306186 0.000190327 
0.306186 0.000176782 
0.306186 0.000163737 
0.306186 0.000151192 
0.306186 0.000139147 
0.306186 0.000127602 
0.306186 0.000116556 
0.306186 0.000106011 
0.306186 9.59649e-05 
0.306186 8.64192e-05 
0.306186 7.73734e-05 
0.306186 6.88275e-05 
0.306186 6.07815e-05 
0.306186 5.32354e-05 
0.306186 4.61893e-05 
0.306186 3.96432e-05 
0.306186 3.3597e-05 
0.306186 2.80508e-05 
0.306186 2.30046e-05 
0.306186 1.84583e-05 
0.306186 1.4412e-05 
0.306186 1.08657e-05 
0.306186 7.81942e-06 
0.306186 5.27311e-06 
0.306186 3.22679e-06 
0.306186 1.68046e-06 
0.306186 6.34136e-07 
0.306186 8.78096e-08 
