  nrad, njump, ngauss =          501           5          48
 King model; w0 =   -3.00000  M, rc, sigma, rhocen =     1.000000000    0.333000000    0.899254921    5.222877319     b =
        0.00000
     0.000000000    5.222877319    0.000000000   -2.425978240   -0.425682918    0.624619318    0.623956549    0.624582809
     0.047366522    5.025545318    0.002271817   -2.401718457   -0.410768080    0.605096359    0.605480480    0.605156414
     0.067378055    4.834691802    0.006388734   -2.377458675   -0.396317991    0.586304966    0.586104183    0.586304156
     0.083007265    4.650121465    0.011669366   -2.353198893   -0.382316411    0.568058620    0.568305142    0.568009066
     0.096417940    4.471645399    0.017862810   -2.328939110   -0.368752622    0.550234118    0.550296009    0.550254678
     0.108444103    4.299080925    0.024820345   -2.304679328   -0.355614344    0.533021389    0.533036735    0.533025011
     0.119511780    4.132249676    0.032439269   -2.280419545   -0.342886559    0.516315401    0.516127308    0.516304558
     0.129873243    3.970978129    0.040642528   -2.256159763   -0.330559364    0.500052302    0.499720608    0.500078269
     0.139692482    3.815099595    0.049369186   -2.231899981   -0.318619794    0.484338803    0.484280787    0.484331540
     0.149083250    3.664451028    0.058569250   -2.207640198   -0.307055994    0.469053412    0.468570806    0.469050196
     0.158128345    3.518873973    0.068200589   -2.183380416   -0.295857836    0.454224387    0.454306604    0.454220485
     0.166890332    3.378215732    0.078226951   -2.159120633   -0.285013571    0.439847061    0.439973456    0.439829057
     0.175417923    3.242326944    0.088616632   -2.134860851   -0.274513389    0.425872760    0.426189803    0.425862961
     0.183749999    3.111064052    0.099341528   -2.110601069   -0.264347199    0.412295600    0.412344832    0.412309625
     0.191918253    2.984286160    0.110376452   -2.086341286   -0.254505534    0.399145337    0.399448187    0.399156851
     0.199948985    2.861857323    0.121698621   -2.062081504   -0.244977648    0.386389883    0.386329301    0.386392800
     0.207864373    2.743645564    0.133287256   -2.037821721   -0.235754948    0.374019834    0.373972530    0.374005984
     0.215683385    2.629522688    0.145123277   -2.013561939   -0.226827556    0.361997587    0.361908178    0.361985253
     0.223422447    2.519364538    0.157189056   -1.989302157   -0.218188311    0.350305789    0.350208215    0.350319789
     0.231095955    2.413050100    0.169468217   -1.965042374   -0.209827933    0.338977366    0.338734174    0.338999091
     0.238716661    2.310462121    0.181945470   -1.940782592   -0.201738192    0.328030352    0.328030093    0.328012970
     0.246295973    2.211486977    0.194606481   -1.916522809   -0.193909847    0.317354962    0.317041686    0.317351539
     0.253844195    2.116014596    0.207437750   -1.892263027   -0.186337690    0.306998346    0.307212016    0.307005200
     0.261370713    2.023936957    0.220426523   -1.868003245   -0.179011796    0.296966272    0.297044215    0.296964642
     0.268884153    1.935150797    0.233560702   -1.843743462   -0.171926796    0.287208674    0.286959107    0.287220827
     0.276392506    1.849554878    0.246828778   -1.819483680   -0.165073902    0.277779258    0.277761849    0.277764986
     0.283903229    1.767051135    0.260219768   -1.795223897   -0.158447121    0.268590461    0.268807058    0.268588607
     0.291423334    1.687544258    0.273723156   -1.770964115   -0.152039631    0.259695906    0.259748372    0.259683430
     0.298959459    1.610942171    0.287328853   -1.746704333   -0.145844959    0.251027660    0.250912191    0.251041442
     0.306517935    1.537155129    0.301027148   -1.722444550   -0.139857550    0.242647294    0.242511334    0.242654863
     0.314104832    1.466096016    0.314808672   -1.698184768   -0.134069771    0.234520022    0.234393277    0.234516144
     0.321726014    1.397680557    0.328664363   -1.673924985   -0.128476860    0.226625295    0.226908214    0.226617962
     0.329387173    1.331826420    0.342585437   -1.649665203   -0.123072262    0.218946765    0.218702300    0.218953205
     0.337093867    1.268454273    0.356563357   -1.625405421   -0.117851815    0.211496202    0.211388840    0.211514977
     0.344851556    1.207486468    0.370589807   -1.601145638   -0.112808298    0.204325169    0.204353805    0.204296582
     0.352665624    1.148848131    0.384656671   -1.576885856   -0.107936998    0.197283821    0.197283788    0.197291522
     0.360541414    1.092466622    0.398756009   -1.552626073   -0.103234178    0.190489194    0.190495985    0.190493493
     0.368484246    1.038271012    0.412880036   -1.528366291   -0.098692878    0.183900737    0.183986563    0.183896376
     0.376499442    0.986192559    0.427021104   -1.504106509   -0.094309894    0.177497817    0.177399008    0.177494234
     0.384592351    0.936164611    0.441171683   -1.479846726   -0.090079294    0.171276297    0.171428809    0.171281303
     0.392768365    0.888122499    0.455324344   -1.455586944   -0.085998147    0.165239719    0.165048547    0.165251992
     0.401032943    0.842003245    0.469471744   -1.431327161   -0.082060287    0.159406935    0.159296384    0.159400874
     0.409391627    0.797745886    0.483606609   -1.407067379   -0.078262523    0.153731022    0.153802526    0.153722683
     0.417850066    0.755291322    0.497721719   -1.382807597   -0.074600024    0.148215995    0.148192926    0.148212308
     0.426414032    0.714581462    0.511809896   -1.358547814   -0.071069891    0.142856310    0.142994255    0.142864789
     0.435089441    0.675561146    0.525863987   -1.334288032   -0.067667203    0.137681442    0.137654470    0.137675313
     0.443882373    0.638175465    0.539876852   -1.310028249   -0.064388621    0.132633497    0.132662131    0.132639210
     0.452799092    0.602372013    0.553841350   -1.285768467   -0.061230559    0.127749339    0.127739114    0.127751945
     0.461846066    0.568099576    0.567750330   -1.261508685   -0.058189059    0.123016016    0.123022355    0.123009122
     0.471029993    0.535308243    0.581596609   -1.237248902   -0.055260820    0.118413230    0.118499049    0.118406469
     0.480357818    0.503949937    0.595372969   -1.212989120   -0.052442648    0.113940612    0.113887092    0.113939846
     0.489836763    0.473977635    0.609072139   -1.188729338   -0.049731410    0.109599204    0.109685326    0.109605231
     0.499474348    0.445345814    0.622686785   -1.164469555   -0.047123860    0.105391695    0.105339436    0.105398724
     0.509278423    0.418010196    0.636209493   -1.140209773   -0.044616776    0.101317045    0.101332938    0.101316538
     0.519257192    0.391927571    0.649632763   -1.115949990   -0.042207023    0.097363322    0.097398776    0.097354998
     0.529419248    0.367056323    0.662948990   -1.091690208   -0.039891974    0.093505539    0.093505533    0.093510540
     0.539773604    0.343355772    0.676150457   -1.067430426   -0.037669114    0.089778971    0.089744550    0.089779703
     0.550329731    0.320786509    0.689229317   -1.043170643   -0.035535092    0.086157046    0.086213811    0.086159128
     0.561097598    0.299310232    0.702177582   -1.018910861   -0.033487921    0.082645299    0.082540300    0.082645558
     0.572087710    0.278889384    0.714987112   -0.994651078   -0.031524328    0.079238587    0.079197056    0.079235829
     0.583311160    0.259488016    0.727649598   -0.970391296   -0.029642534    0.075926497    0.075932333    0.075926873
     0.594779676    0.241070758    0.740156554   -0.946131514   -0.027839561    0.072719058    0.072646846    0.072715712
     0.606505677    0.223603460    0.752499295   -0.921871731   -0.026113589    0.069591669    0.069637071    0.069599455
     0.618502333    0.207052640    0.764668937   -0.897611949   -0.024462112    0.066574534    0.066643946    0.066575297
     0.630783633    0.191386189    0.776656369   -0.873352166   -0.022882736    0.063642240    0.063628984    0.063640516
     0.643364456    0.176572304    0.788452253   -0.849092384   -0.021373529    0.060795183    0.060756571    0.060792471
     0.656260652    0.162580386    0.800047002   -0.824832602   -0.019932319    0.058029825    0.058071095    0.058028599
     0.669489134    0.149380781    0.811430774   -0.800572819   -0.018557287    0.055346149    0.055344391    0.055346411
     0.683067971    0.136944298    0.822593459   -0.776313037   -0.017246297    0.052742945    0.052841560    0.052743494
     0.697016504    0.125242798    0.833524664   -0.752053254   -0.015997610    0.050215506    0.050262236    0.050217505
     0.711355462    0.114248658    0.844213712   -0.727793472   -0.014809197    0.047770405    0.047720271    0.047766171
     0.726107100    0.103935193    0.854649629   -0.703533690   -0.013679321    0.045385768    0.045410622    0.045387284
     0.741295350    0.094276309    0.864821142   -0.679273907   -0.012606483    0.043077358    0.043094498    0.043078703
     0.756945992    0.085246435    0.874716673   -0.655014125   -0.011588645    0.040840933    0.040860222    0.040838352
     0.773086839    0.076820962    0.884324349   -0.630754342   -0.010624435    0.038661818    0.038683850    0.038664213
     0.789747956    0.068975655    0.893632000   -0.606494560   -0.009712193    0.036556546    0.036569096    0.036554330
     0.806961893    0.061686885    0.902627177   -0.582234778   -0.008850294    0.034504860    0.034441269    0.034506803
     0.824763963    0.054931664    0.911297179   -0.557974995   -0.008037504    0.032518448    0.032507162    0.032519789
     0.843192542    0.048687533    0.919629070   -0.533715213   -0.007272007    0.030594671    0.030580620    0.030591501
     0.862289419    0.042932567    0.927609738   -0.509455430   -0.006552659    0.028720989    0.028736937    0.028720202
     0.882100187    0.037645308    0.935225949   -0.485195648   -0.005878020    0.026903774    0.026899952    0.026904209
     0.902674694    0.032804742    0.942464430   -0.460935866   -0.005246868    0.025139984    0.025117750    0.025141886
     0.924067550    0.028390265    0.949311971   -0.436676083   -0.004657806    0.023429726    0.023429828    0.023431648
     0.946338714    0.024381762    0.955755563   -0.412416301   -0.004109641    0.021772213    0.021763695    0.021771955
     0.969554160    0.020759524    0.961782586   -0.388156518   -0.003601044    0.020162131    0.020163622    0.020161313
     0.993786648    0.017504015    0.967381021   -0.363896736   -0.003131013    0.018597780    0.018613859    0.018598273
     1.019116599    0.014596280    0.972539743   -0.339636954   -0.002698284    0.017083474    0.017066820    0.017081427
     1.045633121    0.012017418    0.977248886   -0.315377171   -0.002301807    0.015609166    0.015604811    0.015609412
     1.073435174    0.009748930    0.981500295   -0.291117389   -0.001940569    0.014179927    0.014192603    0.014180901
     1.102632928    0.007772342    0.985288107   -0.266857606   -0.001613444    0.012795135    0.012796887    0.012794608
     1.133349329    0.006069582    0.988609441   -0.242597824   -0.001319447    0.011448448    0.011442645    0.011449287
     1.165721917    0.004622451    0.991465309   -0.218338042   -0.001057637    0.010142934    0.010141019    0.010143727
     1.199904926    0.003412834    0.993861660   -0.194078259   -0.000826990    0.008877784    0.008875274    0.008876751
     1.236071720    0.002422515    0.995810665   -0.169818477   -0.000626602    0.007648366    0.007648418    0.007647220
     1.274417618    0.001633238    0.997332311   -0.145558694   -0.000455612    0.006453790    0.006465667    0.006454027
     1.315163157    0.001026289    0.998456119   -0.121298912   -0.000313170    0.005295944    0.005296723    0.005296099
     1.358557881    0.000582349    0.999222995   -0.097039130   -0.000198375    0.004172804    0.004179648    0.004172392
     1.404884721    0.000281217    0.999686969   -0.072779347   -0.000110451    0.003081409    0.003080529    0.003081896
     1.454465115    0.000101163    0.999916207   -0.048519565   -0.000048594    0.002023631    0.002023458    0.002023629
     1.507665046    0.000017712    0.999991783   -0.024259782   -0.000012015    0.000996788    0.001003010    0.000996638
     1.564902439    0.000000000    1.000000000    0.000000000    0.000000000   -0.000001532    0.000000000    0.000000000
