  nrad, njump, ngauss =          501           5          48
 King model; w0 =   -7.00000  M, rc, sigma, rhocen =     1.000000000    0.103000000    0.737253897   36.693771317     b =
        9.70870
     0.000000000   36.693771317    0.000000000   -3.804803163   -1.914881024    1.041993223    1.041433811    5.900755930
     0.022489669   34.181272887    0.001675375   -3.766755132   -1.875220756    1.042362403    1.042762766    5.501464255
     0.032150522   31.839111674    0.004689454   -3.728707100   -1.835591166    1.040380562    1.039828732    5.129167165
     0.039808136   29.655772163    0.008526696   -3.690659069   -1.796082302    1.036000847    1.035374887    4.782039659
     0.046475961   27.620511960    0.012994718   -3.652611037   -1.756779405    1.029742580    1.029563110    4.458380118
     0.052543655   25.723317186    0.017979034   -3.614563005   -1.717743651    1.021851695    1.021271367    4.156601962
     0.058210097   23.954854150    0.023400719   -3.576514974   -1.679042969    1.012190260    1.011951721    3.875225874
     0.063593166   22.306415719    0.029200951   -3.538466942   -1.640736503    1.001224207    1.002047792    3.612872549
     0.068769726   20.769883909    0.035333710   -3.500418910   -1.602867845    0.989146685    0.989355060    3.368255930
     0.073793383   19.337692338    0.041761794   -3.462370879   -1.565481605    0.975865144    0.976313219    3.140176906
     0.078703469   18.002783816    0.048454419   -3.424322847   -1.528619509    0.961703712    0.960591474    2.927517434
     0.083530038   16.758579601    0.055385669   -3.386274815   -1.492308814    0.946826713    0.947003414    2.729235056
     0.088296821   15.598943851    0.062533436   -3.348226784   -1.456580408    0.931107244    0.931873568    2.544357792
     0.093023105   14.518156851    0.069878675   -3.310178752   -1.421460767    0.914950244    0.914686920    2.371979374
     0.097724947   13.510885739    0.077404845   -3.272130721   -1.386963061    0.898259908    0.897252853    2.211254803
     0.102416017   12.572157540    0.085097496   -3.234082689   -1.353113805    0.881011257    0.880264890    2.061396205
     0.107108181   11.697336459    0.092943948   -3.196034657   -1.319922192    0.863713706    0.863587499    1.921668975
     0.111811930   10.882098139    0.100933031   -3.157986626   -1.287392428    0.846113757    0.845764537    1.791388170
     0.116536688   10.122412915    0.109054884   -3.119938594   -1.255541130    0.828130360    0.827425417    1.669915152
     0.121291057    9.414522361    0.117300791   -3.081890562   -1.224373976    0.810225151    0.809955622    1.556654460
     0.126082994    8.754921261    0.125663038   -3.043842531   -1.193886524    0.792293242    0.792740511    1.451050892
     0.130919956    8.140342784    0.134134805   -3.005794499   -1.164086169    0.774157112    0.773923305    1.352586777
     0.135809017    7.567740600    0.142710065   -2.967746468   -1.134974254    0.756175582    0.756994548    1.260779445
     0.140756960    7.034273616    0.151383503   -2.929698436   -1.106543414    0.738254784    0.738181728    1.175178856
     0.145770353    6.537293966    0.160150447   -2.891650404   -1.078794568    0.720444648    0.720166337    1.095365395
     0.150855618    6.074331729    0.169006810   -2.853602373   -1.051718228    0.702806726    0.702506799    1.020947818
     0.156019079    5.643084627    0.177949029   -2.815554341   -1.025312432    0.685272155    0.685583241    0.951561329
     0.161267020    5.241405525    0.186974030   -2.777506309   -0.999569740    0.667893269    0.667991516    0.886865796
     0.166605717    4.867292718    0.196079181   -2.739458278   -0.974485242    0.650762105    0.650595072    0.826544080
     0.172041485    4.518879748    0.205262256   -2.701410246   -0.950044899    0.633978419    0.633612354    0.770300485
     0.177580711    4.194426297    0.214521408   -2.663362214   -0.926239280    0.617407661    0.617169142    0.717859305
     0.183229883    3.892309683    0.223855140   -2.625314183   -0.903059623    0.601072144    0.601206291    0.668963473
     0.188995627    3.611016694    0.233262277   -2.587266151   -0.880496872    0.584987653    0.584712647    0.623373301
     0.194884733    3.349137146    0.242741945   -2.549218120   -0.858539256    0.569306078    0.569682320    0.580865306
     0.200904186    3.105355094    0.252293554   -2.511170088   -0.837172057    0.553850290    0.554412610    0.541231115
     0.207061196    2.878444489    0.261916778   -2.473122056   -0.816389783    0.538681952    0.538997352    0.504276440
     0.213363227    2.667261446    0.271611536   -2.435074025   -0.796174985    0.523946993    0.523842572    0.469820129
     0.219818026    2.470740059    0.281377982   -2.397025993   -0.776515816    0.509500885    0.509085914    0.437693278
     0.226433656    2.287885734    0.291216486   -2.358977961   -0.757399950    0.495372047    0.495575442    0.407738401
     0.233218527    2.117771734    0.301127628   -2.320929930   -0.738815695    0.481579022    0.482341952    0.379808658
     0.240181430    1.959533374    0.311112180   -2.282881898   -0.720748628    0.468184484    0.468687036    0.353767139
     0.247331573    1.812365002    0.321171101   -2.244833866   -0.703184806    0.455096885    0.455256117    0.329486187
     0.254678617    1.675514941    0.331305523   -2.206785835   -0.686112865    0.442378438    0.442658038    0.306846777
     0.262232719    1.548282524    0.341516744   -2.168737803   -0.669517103    0.430010517    0.430108164    0.285737932
     0.270004575    1.430014316    0.351806218   -2.130689772   -0.653386403    0.417985886    0.418637489    0.266056175
     0.278005464    1.320101159    0.362175547   -2.092641740   -0.637705311    0.406332757    0.406573092    0.247705027
     0.286247301    1.217974908    0.372626473   -2.054593708   -0.622461879    0.395010926    0.395550464    0.230594529
     0.294742689    1.123105885    0.383160870   -2.016545677   -0.607641861    0.384057610    0.384426539    0.214640807
     0.303504982    1.035000207    0.393780734   -1.978497645   -0.593231713    0.373490157    0.374062336    0.199765655
     0.312548348    0.953197318    0.404488178   -1.940449613   -0.579216327    0.363269830    0.364028621    0.185896155
     0.321887838    0.877267702    0.415285422   -1.902401582   -0.565583745    0.353409349    0.353752907    0.172964319
     0.331539469    0.806811021    0.426174783   -1.864353550   -0.552318870    0.343895573    0.343866019    0.160906756
     0.341520303    0.741453719    0.437158670   -1.826305518   -0.539410277    0.334726269    0.334806633    0.149664358
     0.351848548    0.680847684    0.448239567   -1.788257487   -0.526842680    0.325938479    0.325902651    0.139182015
     0.362543659    0.624668201    0.459420030   -1.750209455   -0.514602808    0.317531835    0.318002080    0.129408344
     0.373626452    0.572612477    0.470702671   -1.712161424   -0.502675402    0.309468636    0.309664305    0.120295433
     0.385119237    0.524398186    0.482090146   -1.674113392   -0.491048800    0.301773070    0.301760249    0.111798612
     0.397045958    0.479761991    0.493585141   -1.636065360   -0.479707445    0.294409807    0.294605856    0.103876228
     0.409432352    0.438458387    0.505190353   -1.598017329   -0.468639845    0.287482437    0.287349487    0.096489446
     0.422306128    0.400258337    0.516908476   -1.559969297   -0.457826105    0.280953871    0.281279695    0.089602056
     0.435697169    0.364948318    0.528742179   -1.521921265   -0.447256357    0.274741019    0.275441820    0.083180297
     0.449637753    0.332329202    0.540694079   -1.483873234   -0.436914558    0.268909553    0.269530498    0.077192688
     0.464162808    0.302215203    0.552766716   -1.445825202   -0.426788210    0.263487208    0.263972360    0.071609878
     0.479310201    0.274433097    0.564962523   -1.407777170   -0.416858407    0.258523078    0.258915698    0.066404501
     0.495121056    0.248821327    0.577283787   -1.369729139   -0.407111911    0.253851518    0.253653363    0.061551039
     0.511640129    0.225229164    0.589732609   -1.331681107   -0.397534957    0.249680555    0.250040789    0.057025702
     0.528916225    0.203516084    0.602310855   -1.293633076   -0.388106534    0.245956612    0.246121781    0.052806305
     0.547002681    0.183550923    0.615020100   -1.255585044   -0.378813576    0.242630946    0.242872906    0.048872166
     0.565957917    0.165211384    0.627861562   -1.217537012   -0.369637350    0.239772388    0.240176238    0.045203998
     0.585846071    0.148383334    0.640836028   -1.179488981   -0.360561377    0.237423523    0.237499718    0.041783822
     0.606737738    0.132960311    0.653943761   -1.141440949   -0.351564390    0.235544954    0.235590374    0.038594870
     0.628710820    0.118842990    0.667184402   -1.103392917   -0.342631713    0.234109560    0.234426675    0.035621512
     0.651851525    0.105938664    0.680556845   -1.065344886   -0.333741341    0.233323293    0.233944601    0.032849170
     0.676255527    0.094160833    0.694059094   -1.027296854   -0.324869425    0.233112938    0.233506947    0.030264257
     0.702029343    0.083428767    0.707688096   -0.989248823   -0.315995980    0.233406024    0.233818185    0.027854099
     0.729291947    0.073667082    0.721439544   -0.951200791   -0.307100256    0.234321120    0.234665910    0.025606883
     0.758176695    0.064805425    0.735307644   -0.913152759   -0.298155268    0.236008651    0.236260485    0.023511592
     0.788833629    0.056778114    0.749284833   -0.875104728   -0.289132380    0.238370102    0.238924287    0.021557957
     0.821432233    0.049523757    0.763361458   -0.837056696   -0.280006982    0.241461640    0.241915204    0.019736399
     0.856164773    0.042985050    0.777525380   -0.799008664   -0.270748399    0.245318037    0.245584517    0.018037989
     0.893250367    0.037108435    0.791761511   -0.760960633   -0.261327303    0.250116077    0.251035923    0.016454403
     0.932939969    0.031843840    0.806051252   -0.722912601   -0.251704333    0.255798578    0.256056110    0.014977877
     0.975522521    0.027144453    0.820371831   -0.684864569   -0.241849781    0.262447570    0.262715079    0.013601173
     1.021332630    0.022966461    0.834695496   -0.646816538   -0.231718561    0.270243431    0.270989341    0.012317543
     1.070760207    0.019268895    0.848988550   -0.608768506   -0.221271829    0.279102942    0.279465810    0.011120694
     1.124262703    0.016013345    0.863210193   -0.570720475   -0.210463761    0.289236997    0.289999648    0.010004759
     1.182380794    0.013163833    0.877311119   -0.532672443   -0.199245527    0.300672459    0.300988942    0.008964269
     1.245758733    0.010686590    0.891231844   -0.494624411   -0.187566462    0.313472623    0.314031022    0.007994122
     1.315171061    0.008549920    0.904900686   -0.456576380   -0.175373039    0.327727993    0.328609328    0.007089563
     1.391558168    0.006723991    0.918231402   -0.418528348   -0.162608338    0.343506255    0.344142342    0.006246158
     1.476074321    0.005180714    0.931120421   -0.380480316   -0.149214484    0.360788982    0.361507863    0.005459772
     1.570153602    0.003893556    0.943443740   -0.342432285   -0.135136980    0.379391347    0.380072801    0.004726551
     1.675602076    0.002837409    0.955053669   -0.304384253   -0.120330765    0.399060610    0.399637343    0.004042900
     1.794729189    0.001988396    0.965775910   -0.266336221   -0.104764405    0.419174098    0.419956101    0.003405468
     1.930539225    0.001323735    0.975408137   -0.228288190   -0.088444041    0.438438015    0.439318066    0.002811130
     2.087017086    0.000821518    0.983722575   -0.190240158   -0.071442287    0.454446372    0.455162104    0.002256974
     2.269566297    0.000460482    0.990478039   -0.152192127   -0.053959086    0.462836081    0.463523087    0.001740282
     2.485699918    0.000219698    0.995452856   -0.114144095   -0.036447773    0.453446448    0.454589248    0.001258521
     2.746164643    0.000078102    0.998521855   -0.076096063   -0.019872896    0.410996042    0.410382942    0.000809330
     3.066830246    0.000013527    0.999818459   -0.038048032   -0.006258944    0.282889291    0.290715541    0.000390508
     3.471982408    0.000000000    1.000000000    0.000000000    0.000000000    0.024379051    0.000000000    0.000000000
