  nrad, njump, ngauss =          501           5          48
 King model; w0 =   -7.00000  M, rc, sigma, rhocen =     1.000000000    0.103000000    0.737253884   36.693770033     b =
        0.00000
     0.000000000   36.693770033    0.000000000   -3.804803030   -3.186822972    5.900424152    5.899415852    5.900755972
     0.022489669   34.181272882    0.001675375   -3.766755000   -2.970000208    5.501382412    5.501265033    5.501464294
     0.032150522   31.839111249    0.004689454   -3.728706970   -2.767847939    5.129267498    5.128846329    5.129167201
     0.039808136   29.655770766    0.008526696   -3.690658939   -2.579366894    4.782089195    4.781416119    4.782039693
     0.046475961   27.620511099    0.012994718   -3.652610909   -2.403653564    4.458267607    4.458294682    4.458380149
     0.052543655   25.723316908    0.017979033   -3.614562879   -2.239828003    4.156703864    4.155437370    4.156601991
     0.058210096   23.954853099    0.023400718   -3.576514849   -2.087089950    3.875232443    3.874442141    3.875225902
     0.063593166   22.306415410    0.029200950   -3.538466818   -1.944696216    3.612831446    3.612830596    3.612872574
     0.068769726   20.769883610    0.035333709   -3.500418788   -1.811940997    3.368306175    3.368381805    3.368255954
     0.073793382   19.337691752    0.041761793   -3.462370758   -1.688173409    3.140179358    3.140003006    3.140176928
     0.078703469   18.002782740    0.048454418   -3.424322727   -1.572790425    2.927450974    2.926665812    2.927517454
     0.083530037   16.758579030    0.055385667   -3.386274697   -1.465221497    2.729264070    2.729451567    2.729235075
     0.088296821   15.598943657    0.062533434   -3.348226667   -1.364935735    2.544358746    2.544886226    2.544357810
     0.093023105   14.518156320    0.069878672   -3.310178636   -1.271447078    2.371969838    2.371814910    2.371979391
     0.097724947   13.510885494    0.077404842   -3.272130606   -1.184289710    2.211287055    2.210825855    2.211254818
     0.102416017   12.572157532    0.085097493   -3.234082576   -1.103040461    2.061357828    2.061015796    2.061396220
     0.107108181   11.697336082    0.092943944   -3.196034546   -1.027298485    1.921679943    1.921685467    1.921668989
     0.111811929   10.882097583    0.100933027   -3.157986515   -0.956688933    1.791404963    1.791458682    1.791388182
     0.116536688   10.122412814    0.109054880   -3.119938485   -0.890868304    1.669907303    1.669805107    1.669915163
     0.121291057    9.414522206    0.117300786   -3.081890455   -0.829511058    1.556649878    1.556360573    1.556654471
     0.126082994    8.754920949    0.125663033   -3.043842424   -0.772316150    1.451058904    1.451370547    1.451050902
     0.130919955    8.140342309    0.134134800   -3.005794394   -0.719000779    1.352596754    1.352481224    1.352586786
     0.135809016    7.567740340    0.142710059   -2.967746364   -0.669304748    1.260767048    1.260938271    1.260779454
     0.140756959    7.034273541    0.151383497   -2.929698333   -0.622982163    1.175182855    1.175052899    1.175178864
     0.145770353    6.537293917    0.160150441   -2.891650303   -0.579804782    1.095368740    1.095137539    1.095365403
     0.150855617    6.074331640    0.169006803   -2.853602273   -0.539560551    1.020945164    1.020829796    1.020947826
     0.156019079    5.643084503    0.177949022   -2.815554242   -0.502050750    0.951577900    0.951573804    0.951561336
     0.161267019    5.241405209    0.186974023   -2.777506212   -0.467090261    0.886859497    0.886855367    0.886865802
     0.166605716    4.867292495    0.196079173   -2.739458182   -0.434508619    0.826526310    0.826460719    0.826544086
     0.172041485    4.518879487    0.205262248   -2.701410152   -0.404142645    0.770310547    0.770298907    0.770300491
     0.177580710    4.194426070    0.214521400   -2.663362121   -0.375843301    0.717857388    0.717838085    0.717859310
     0.183229883    3.892309616    0.223855132   -2.625314091   -0.349471360    0.668965492    0.668976602    0.668963478
     0.188995627    3.611016511    0.233262268   -2.587266061   -0.324895898    0.623366616    0.623292416    0.623373305
     0.194884732    3.349136939    0.242741936   -2.549218030   -0.301996300    0.580867671    0.580912163    0.580865311
     0.200904186    3.105355005    0.252293545   -2.511170000   -0.280657809    0.541234679    0.541301637    0.541231119
     0.207061196    2.878444419    0.261916768   -2.473121970   -0.260776689    0.504265533    0.504279142    0.504276444
     0.213363227    2.667261338    0.271611526   -2.435073939   -0.242253134    0.469823773    0.469751165    0.469820133
     0.219818026    2.470740007    0.281377971   -2.397025909   -0.224995590    0.437697000    0.437584306    0.437693281
     0.226433656    2.287885718    0.291216476   -2.358977879   -0.208918656    0.407735486    0.407780783    0.407738404
     0.233218527    2.117771723    0.301127617   -2.320929849   -0.193942721    0.379808591    0.379809160    0.379808661
     0.240181430    1.959533268    0.311112169   -2.282881818   -0.179992769    0.353769998    0.353785508    0.353767141
     0.247331572    1.812364901    0.321171090   -2.244833788   -0.167000015    0.329482060    0.329458926    0.329486189
     0.254678616    1.675514906    0.331305511   -2.206785758   -0.154899517    0.306847176    0.306793683    0.306846780
     0.262232719    1.548282501    0.341516732   -2.168737727   -0.143630768    0.285740820    0.285722158    0.285737934
     0.270004575    1.430014262    0.351806205   -2.130689697   -0.133137735    0.266056214    0.266116826    0.266056177
     0.278005464    1.320101139    0.362175534   -2.092641667   -0.123368025    0.247705185    0.247687981    0.247705028
     0.286247300    1.217974863    0.372626460   -2.054593636   -0.114272625    0.230593725    0.230609854    0.230594531
     0.294742688    1.123105877    0.383160856   -2.016545606   -0.105806090    0.214638262    0.214653472    0.214640808
     0.303504982    1.035000199    0.393780720   -1.978497576   -0.097925760    0.199766059    0.199786755    0.199765656
     0.312548347    0.953197320    0.404488163   -1.940449545   -0.090591946    0.185897909    0.185915828    0.185896157
     0.321887838    0.877267692    0.415285407   -1.902401515   -0.083767820    0.172963429    0.172957463    0.172964321
     0.331539468    0.806811015    0.426174768   -1.864353485   -0.077418972    0.160907140    0.160916068    0.160906757
     0.341520303    0.741453676    0.437158654   -1.826305455   -0.071513111    0.149663769    0.149649527    0.149664359
     0.351848548    0.680847687    0.448239551   -1.788257424   -0.066020498    0.139181390    0.139173181    0.139182016
     0.362543658    0.624668166    0.459420014   -1.750209394   -0.060912942    0.129409663    0.129412965    0.129408345
     0.373626451    0.572612481    0.470702654   -1.712161364   -0.056164593    0.120295456    0.120273393    0.120295434
     0.385119237    0.524398194    0.482090129   -1.674113333   -0.051751088    0.111799720    0.111790347    0.111798612
     0.397045957    0.479761989    0.493585123   -1.636065303   -0.047649835    0.103874809    0.103872151    0.103876228
     0.409432351    0.438458381    0.505190335   -1.598017273   -0.043839783    0.096489369    0.096467436    0.096489447
     0.422306127    0.400258345    0.516908458   -1.559969242   -0.040301035    0.089603794    0.089588594    0.089602057
     0.435697168    0.364948314    0.528742161   -1.521921212   -0.037015444    0.083178912    0.083195916    0.083180297
     0.449637752    0.332329201    0.540694060   -1.483873182   -0.033965896    0.077191688    0.077199690    0.077192688
     0.464162807    0.302215207    0.552766697   -1.445825152   -0.031136308    0.071610710    0.071615958    0.071609878
     0.479310199    0.274433096    0.564962503   -1.407777121   -0.028511851    0.066404455    0.066399144    0.066404501
     0.495121054    0.248821319    0.577283767   -1.369729091   -0.026078714    0.061551239    0.061539790    0.061551040
     0.511640127    0.225229156    0.589732588   -1.331681061   -0.023823892    0.057025410    0.057034447    0.057025702
     0.528916224    0.203516087    0.602310834   -1.293633030   -0.021735412    0.052806498    0.052799914    0.052806305
     0.547002680    0.183550919    0.615020078   -1.255585000   -0.019801915    0.048872289    0.048871528    0.048872166
     0.565957915    0.165211389    0.627861540   -1.217536970   -0.018013062    0.045203116    0.045199498    0.045203999
     0.585846069    0.148383338    0.640836005   -1.179488939   -0.016358945    0.041785531    0.041786337    0.041783822
     0.606737736    0.132960303    0.653943738   -1.141440909   -0.014830472    0.038594648    0.038587747    0.038594871
     0.628710818    0.118842996    0.667184379   -1.103392879   -0.013419297    0.035620382    0.035621722    0.035621512
     0.651851522    0.105938662    0.680556822   -1.065344849   -0.012117324    0.032849390    0.032856401    0.032849171
     0.676255525    0.094160837    0.694059070   -1.027296818   -0.010917230    0.030264313    0.030264991    0.030264257
     0.702029340    0.083428765    0.707688072   -0.989248788   -0.009812109    0.027854214    0.027853392    0.027854099
     0.729291944    0.073667080    0.721439520   -0.951200758   -0.008795570    0.025606839    0.025605577    0.025606883
     0.758176692    0.064805420    0.735307619   -0.913152727   -0.007861596    0.023511909    0.023512513    0.023511593
     0.788833626    0.056778110    0.749284808   -0.875104697   -0.007004620    0.021557806    0.021555859    0.021557957
     0.821432229    0.049523754    0.763361433   -0.837056667   -0.006219451    0.019736308    0.019736964    0.019736399
     0.856164768    0.042985049    0.777525355   -0.799008636   -0.005501200    0.018038221    0.018042754    0.018037989
     0.893250363    0.037108435    0.791761485   -0.760960606   -0.004845364    0.016454372    0.016458743    0.016454403
     0.932939964    0.031843837    0.806051226   -0.722912576   -0.004247726    0.014977830    0.014979367    0.014977877
     0.975522515    0.027144456    0.820371805   -0.684864545   -0.003704344    0.013601097    0.013598141    0.013601173
     1.021332623    0.022966464    0.834695470   -0.646816515   -0.003211555    0.012317505    0.012317831    0.012317543
     1.070760200    0.019268895    0.848988524   -0.608768485   -0.002765932    0.011120591    0.011120632    0.011120694
     1.124262695    0.016013349    0.863210167   -0.570720455   -0.002364293    0.010004783    0.010004734    0.010004759
     1.182380785    0.013163833    0.877311093   -0.532672424   -0.002003650    0.008964427    0.008965413    0.008964269
     1.245758723    0.010686589    0.891231817   -0.494624394   -0.001681248    0.007994032    0.007994298    0.007994122
     1.315171049    0.008549922    0.904900660   -0.456576364   -0.001394501    0.007089470    0.007090943    0.007089563
     1.391558154    0.006723993    0.918231376   -0.418528333   -0.001140991    0.006246153    0.006246176    0.006246158
     1.476074304    0.005180713    0.931120396   -0.380480303   -0.000918470    0.005459870    0.005460733    0.005459772
     1.570153582    0.003893556    0.943443717   -0.342432273   -0.000724844    0.004726553    0.004727346    0.004726551
     1.675602052    0.002837409    0.955053648   -0.304384242   -0.000558168    0.004042883    0.004042718    0.004042900
     1.794729160    0.001988397    0.965775890   -0.266336212   -0.000416610    0.003405484    0.003406150    0.003405468
     1.930539188    0.001323737    0.975408121   -0.228288182   -0.000298479    0.002811086    0.002811766    0.002811130
     2.087017040    0.000821517    0.983722563   -0.190240152   -0.000202187    0.002256926    0.002257434    0.002256974
     2.269566238    0.000460483    0.990478035   -0.152192121   -0.000126259    0.001740321    0.001740808    0.001740282
     2.485699838    0.000219698    0.995452857   -0.114144091   -0.000069314    0.001258556    0.001258711    0.001258521
     2.746164536    0.000078102    0.998521855   -0.076096061   -0.000030075    0.000809333    0.000810177    0.000809330
     3.066830100    0.000013527    0.999818459   -0.038048030   -0.000007342    0.000390440    0.000392276    0.000390508
     3.471982205    0.000000000    1.000000000    0.000000000    0.000000000    0.000000283    0.000000000    0.000000000
