0.000000 0.000000 -1.697653 529.089784 
0.036891 0.000244 -1.694333 525.477682 
0.052248 0.000690 -1.691014 521.883229 
0.064085 0.001265 -1.687694 518.306372 
0.074108 0.001945 -1.684375 514.747060 
0.082979 0.002714 -1.681055 511.205242 
0.091034 0.003563 -1.677736 507.680865 
0.098474 0.004483 -1.674416 504.173878 
0.105430 0.005469 -1.671097 500.684230 
0.111993 0.006516 -1.667777 497.211868 
0.118228 0.007620 -1.664458 493.756742 
0.124185 0.008779 -1.661138 490.318799 
0.129903 0.009988 -1.657819 486.897990 
0.135411 0.011245 -1.654499 483.494261 
0.140736 0.012549 -1.651180 480.107562 
0.145896 0.013896 -1.647860 476.737842 
0.150910 0.015286 -1.644541 473.385050 
0.155792 0.016716 -1.641221 470.049133 
0.160554 0.018185 -1.637902 466.730043 
0.165206 0.019692 -1.634582 463.427726 
0.169758 0.021235 -1.631263 460.142133 
0.174218 0.022814 -1.627943 456.873212 
0.178593 0.024426 -1.624624 453.620913 
0.182889 0.026071 -1.621304 450.385185 
0.187112 0.027748 -1.617985 447.165976 
0.191268 0.029456 -1.614665 443.963237 
0.195359 0.031194 -1.611346 440.776917 
0.199392 0.032961 -1.608026 437.606964 
0.203368 0.034757 -1.604707 434.453329 
0.207293 0.036580 -1.601387 431.315961 
0.211168 0.038430 -1.598068 428.194810 
0.214997 0.040306 -1.594748 425.089824 
0.218783 0.042209 -1.591429 422.000955 
0.222527 0.044136 -1.588109 418.928150 
0.226232 0.046087 -1.584790 415.871361 
0.229900 0.048062 -1.581470 412.830537 
0.233534 0.050060 -1.578151 409.805629 
0.237134 0.052081 -1.574831 406.796584 
0.240702 0.054124 -1.571512 403.803355 
0.244241 0.056189 -1.568192 400.825891 
0.247751 0.058275 -1.564873 397.864141 
0.251234 0.060382 -1.561553 394.918056 
0.254692 0.062509 -1.558234 391.987587 
0.258124 0.064655 -1.554914 389.072683 
0.261533 0.066822 -1.551595 386.173295 
0.264920 0.069007 -1.548275 383.289373 
0.268286 0.071210 -1.544956 380.420867 
0.271631 0.073432 -1.541636 377.567729 
0.274957 0.075671 -1.538317 374.729908 
0.278264 0.077928 -1.534997 371.907354 
0.281554 0.080202 -1.531678 369.100020 
0.284827 0.082493 -1.528358 366.307854 
0.288083 0.084800 -1.525039 363.530809 
0.291324 0.087123 -1.521719 360.768834 
0.294551 0.089462 -1.518400 358.021881 
0.297763 0.091816 -1.515080 355.289900 
0.300962 0.094185 -1.511760 352.572843 
0.304148 0.096569 -1.508441 349.870660 
0.307322 0.098968 -1.505121 347.183302 
0.310484 0.101381 -1.501802 344.510721 
0.313635 0.103807 -1.498482 341.852867 
0.316775 0.106248 -1.495163 339.209692 
0.319905 0.108701 -1.491843 336.581147 
0.323026 0.111168 -1.488524 333.967184 
0.326137 0.113647 -1.485204 331.367753 
0.329239 0.116139 -1.481885 328.782807 
0.332334 0.118644 -1.478565 326.212296 
0.335420 0.121160 -1.475246 323.656172 
0.338499 0.123688 -1.471926 321.114386 
0.341570 0.126228 -1.468607 318.586892 
0.344635 0.128780 -1.465287 316.073639 
0.347693 0.131342 -1.461968 313.574580 
0.350746 0.133915 -1.458648 311.089666 
0.353793 0.136499 -1.455329 308.618850 
0.356834 0.139093 -1.452009 306.162083 
0.359870 0.141698 -1.448690 303.719317 
0.362902 0.144313 -1.445370 301.290505 
0.365929 0.146937 -1.442051 298.875598 
0.368952 0.149572 -1.438731 296.474549 
0.371971 0.152215 -1.435412 294.087309 
0.374987 0.154868 -1.432092 291.713831 
0.377999 0.157530 -1.428773 289.354067 
0.381009 0.160201 -1.425453 287.007970 
0.384016 0.162880 -1.422134 284.675491 
0.387020 0.165568 -1.418814 282.356584 
0.390022 0.168264 -1.415495 280.051201 
0.393022 0.170968 -1.412175 277.759295 
0.396020 0.173680 -1.408856 275.480817 
0.399017 0.176400 -1.405536 273.215721 
0.402012 0.179128 -1.402217 270.963960 
0.405007 0.181863 -1.398897 268.725486 
0.408000 0.184605 -1.395578 266.500252 
0.410993 0.187354 -1.392258 264.288211 
0.413986 0.190111 -1.388939 262.089316 
0.416979 0.192874 -1.385619 259.903520 
0.419971 0.195643 -1.382300 257.730776 
0.422964 0.198419 -1.378980 255.571037 
0.425957 0.201201 -1.375661 253.424257 
0.428951 0.203990 -1.372341 251.290388 
0.431945 0.206784 -1.369022 249.169384 
0.434941 0.209585 -1.365702 247.061198 
0.437938 0.212390 -1.362383 244.965784 
0.440936 0.215202 -1.359063 242.883095 
0.443936 0.218019 -1.355744 240.813085 
0.446938 0.220841 -1.352424 238.755707 
0.449941 0.223668 -1.349105 236.710915 
0.452947 0.226500 -1.345785 234.678662 
0.455955 0.229337 -1.342466 232.658903 
0.458965 0.232179 -1.339146 230.651590 
0.461978 0.235025 -1.335827 228.656679 
0.464994 0.237876 -1.332507 226.674123 
0.468013 0.240731 -1.329188 224.703875 
0.471035 0.243590 -1.325868 222.745890 
0.474060 0.246453 -1.322549 220.800122 
0.477089 0.249321 -1.319229 218.866526 
0.480121 0.252191 -1.315910 216.945054 
0.483157 0.255066 -1.312590 215.035663 
0.486197 0.257944 -1.309271 213.138305 
0.489241 0.260826 -1.305951 211.252935 
0.492290 0.263710 -1.302632 209.379509 
0.495343 0.266598 -1.299312 207.517979 
0.498400 0.269490 -1.295993 205.668301 
0.501462 0.272383 -1.292673 203.830430 
0.504529 0.275280 -1.289354 202.004319 
0.507601 0.278180 -1.286034 200.189925 
0.510679 0.281082 -1.282715 198.387201 
0.513761 0.283987 -1.279395 196.596102 
0.516849 0.286894 -1.276076 194.816584 
0.519943 0.289803 -1.272756 193.048601 
0.523042 0.292714 -1.269437 191.292108 
0.526148 0.295628 -1.266117 189.547061 
0.529259 0.298543 -1.262798 187.813414 
0.532377 0.301460 -1.259478 186.091123 
0.535501 0.304379 -1.256159 184.380142 
0.538632 0.307300 -1.252839 182.680428 
0.541769 0.310222 -1.249520 180.991936 
0.544913 0.313145 -1.246200 179.314621 
0.548064 0.316070 -1.242881 177.648438 
0.551223 0.318996 -1.239561 175.993343 
0.554388 0.321923 -1.236242 174.349292 
0.557561 0.324851 -1.232922 172.716241 
0.560742 0.327780 -1.229603 171.094144 
0.563930 0.330710 -1.226283 169.482959 
0.567126 0.333641 -1.222964 167.882640 
0.570330 0.336572 -1.219644 166.293144 
0.573542 0.339504 -1.216325 164.714426 
0.576763 0.342436 -1.213005 163.146443 
0.579992 0.345368 -1.209686 161.589151 
0.583229 0.348301 -1.206366 160.042506 
0.586475 0.351234 -1.203047 158.506464 
0.589731 0.354167 -1.199727 156.980981 
0.592995 0.357100 -1.196408 155.466013 
0.596268 0.360033 -1.193088 153.961518 
0.599551 0.362966 -1.189769 152.467451 
0.602843 0.365898 -1.186449 150.983770 
0.606145 0.368830 -1.183130 149.510430 
0.609457 0.371762 -1.179810 148.047388 
0.612778 0.374693 -1.176491 146.594601 
0.616110 0.377623 -1.173171 145.152025 
0.619452 0.380553 -1.169852 143.719618 
0.622804 0.383482 -1.166532 142.297337 
0.626167 0.386410 -1.163213 140.885137 
0.629541 0.389337 -1.159893 139.482977 
0.632925 0.392263 -1.156574 138.090814 
0.636321 0.395188 -1.153254 136.708603 
0.639728 0.398112 -1.149935 135.336304 
0.643146 0.401034 -1.146615 133.973872 
0.646575 0.403955 -1.143296 132.621265 
0.650017 0.406875 -1.139976 131.278441 
0.653470 0.409793 -1.136657 129.945357 
0.656935 0.412709 -1.133337 128.621970 
0.660412 0.415624 -1.130018 127.308238 
0.663902 0.418537 -1.126698 126.004119 
0.667404 0.421448 -1.123379 124.709570 
0.670918 0.424358 -1.120059 123.424549 
0.674446 0.427265 -1.116740 122.149014 
0.677987 0.430170 -1.113420 120.882923 
0.681540 0.433073 -1.110100 119.626233 
0.685107 0.435974 -1.106781 118.378902 
0.688688 0.438873 -1.103461 117.140890 
0.692282 0.441770 -1.100142 115.912153 
0.695890 0.444664 -1.096822 114.692650 
0.699513 0.447555 -1.093503 113.482339 
0.703149 0.450444 -1.090183 112.281179 
0.706800 0.453330 -1.086864 111.089127 
0.710465 0.456214 -1.083544 109.906143 
0.714145 0.459095 -1.080225 108.732185 
0.717840 0.461973 -1.076905 107.567211 
0.721551 0.464848 -1.073586 106.411179 
0.725276 0.467720 -1.070266 105.264050 
0.729017 0.470589 -1.066947 104.125780 
0.732774 0.473455 -1.063627 102.996330 
0.736547 0.476318 -1.060308 101.875658 
0.740336 0.479178 -1.056988 100.763723 
0.744141 0.482034 -1.053669 99.660484 
0.747962 0.484887 -1.050349 98.565900 
0.751801 0.487737 -1.047030 97.479930 
0.755656 0.490583 -1.043710 96.402533 
0.759528 0.493425 -1.040391 95.333669 
0.763418 0.496264 -1.037071 94.273297 
0.767325 0.499100 -1.033752 93.221377 
0.771250 0.501931 -1.030432 92.177867 
0.775193 0.504759 -1.027113 91.142728 
0.779154 0.507583 -1.023793 90.115918 
0.783133 0.510403 -1.020474 89.097398 
0.787132 0.513219 -1.017154 88.087127 
0.791148 0.516031 -1.013835 87.085066 
0.795184 0.518839 -1.010515 86.091173 
0.799240 0.521642 -1.007196 85.105409 
0.803314 0.524442 -1.003876 84.127734 
0.807409 0.527237 -1.000557 83.158108 
0.811523 0.530028 -0.997237 82.196490 
0.815658 0.532814 -0.993918 81.242842 
0.819813 0.535596 -0.990598 80.297123 
0.823989 0.538374 -0.987279 79.359294 
0.828186 0.541147 -0.983959 78.429315 
0.832404 0.543915 -0.980640 77.507146 
0.836643 0.546678 -0.977320 76.592749 
0.840905 0.549437 -0.974001 75.686083 
0.845188 0.552192 -0.970681 74.787109 
0.849493 0.554941 -0.967362 73.895788 
0.853821 0.557685 -0.964042 73.012081 
0.858172 0.560425 -0.960723 72.135949 
0.862546 0.563159 -0.957403 71.267352 
0.866943 0.565888 -0.954084 70.406251 
0.871363 0.568613 -0.950764 69.552608 
0.875808 0.571332 -0.947445 68.706383 
0.880277 0.574046 -0.944125 67.867539 
0.884770 0.576754 -0.940806 67.036035 
0.889288 0.579458 -0.937486 66.211834 
0.893831 0.582156 -0.934167 65.394896 
0.898399 0.584848 -0.930847 64.585184 
0.902993 0.587535 -0.927528 63.782658 
0.907613 0.590217 -0.924208 62.987281 
0.912259 0.592893 -0.920889 62.199013 
0.916932 0.595563 -0.917569 61.417818 
0.921632 0.598228 -0.914250 60.643655 
0.926359 0.600887 -0.910930 59.876489 
0.931113 0.603540 -0.907611 59.116279 
0.935895 0.606188 -0.904291 58.362989 
0.940706 0.608829 -0.900972 57.616580 
0.945545 0.611465 -0.897652 56.877015 
0.950413 0.614094 -0.894333 56.144255 
0.955311 0.616718 -0.891013 55.418264 
0.960238 0.619336 -0.887694 54.699002 
0.965195 0.621947 -0.884374 53.986434 
0.970183 0.624553 -0.881055 53.280521 
0.975201 0.627152 -0.877735 52.581226 
0.980250 0.629745 -0.874416 51.888511 
0.985331 0.632331 -0.871096 51.202340 
0.990444 0.634912 -0.867777 50.522674 
0.995589 0.637486 -0.864457 49.849478 
1.000767 0.640053 -0.861138 49.182713 
1.005977 0.642614 -0.857818 48.522342 
1.011222 0.645169 -0.854499 47.868330 
1.016500 0.647717 -0.851179 47.220638 
1.021813 0.650258 -0.847860 46.579231 
1.027160 0.652793 -0.844540 45.944071 
1.032543 0.655321 -0.841221 45.315122 
1.037962 0.657843 -0.837901 44.692347 
1.043416 0.660358 -0.834582 44.075709 
1.048907 0.662865 -0.831262 43.465173 
1.054436 0.665366 -0.827943 42.860702 
1.060001 0.667860 -0.824623 42.262259 
1.065605 0.670348 -0.821304 41.669808 
1.071247 0.672828 -0.817984 41.083314 
1.076929 0.675301 -0.814665 40.502740 
1.082650 0.677767 -0.811345 39.928050 
1.088410 0.680226 -0.808026 39.359208 
1.094212 0.682678 -0.804706 38.796179 
1.100054 0.685123 -0.801387 38.238926 
1.105938 0.687561 -0.798067 37.687414 
1.111865 0.689991 -0.794748 37.141607 
1.117833 0.692414 -0.791428 36.601470 
1.123846 0.694829 -0.788109 36.066967 
1.129902 0.697238 -0.784789 35.538062 
1.136002 0.699639 -0.781470 35.014722 
1.142148 0.702032 -0.778150 34.496909 
1.148339 0.704418 -0.774831 33.984589 
1.154576 0.706797 -0.771511 33.477728 
1.160861 0.709167 -0.768192 32.976289 
1.167192 0.711531 -0.764872 32.480238 
1.173572 0.713886 -0.761553 31.989539 
1.180001 0.716234 -0.758233 31.504160 
1.186479 0.718575 -0.754914 31.024063 
1.193007 0.720907 -0.751594 30.549215 
1.199586 0.723232 -0.748275 30.079582 
1.206217 0.725549 -0.744955 29.615128 
1.212900 0.727858 -0.741636 29.155820 
1.219636 0.730159 -0.738316 28.701622 
1.226426 0.732453 -0.734997 28.252501 
1.233270 0.734738 -0.731677 27.808423 
1.240169 0.737015 -0.728358 27.369353 
1.247124 0.739285 -0.725038 26.935257 
1.254137 0.741546 -0.721719 26.506101 
1.261206 0.743799 -0.718399 26.081852 
1.268335 0.746044 -0.715080 25.662476 
1.275522 0.748281 -0.711760 25.247938 
1.282770 0.750510 -0.708441 24.838206 
1.290078 0.752730 -0.705121 24.433245 
1.297449 0.754942 -0.701801 24.033023 
1.304882 0.757146 -0.698482 23.637505 
1.312380 0.759342 -0.695162 23.246658 
1.319941 0.761529 -0.691843 22.860450 
1.327569 0.763708 -0.688523 22.478846 
1.335263 0.765879 -0.685204 22.101815 
1.343024 0.768041 -0.681884 21.729322 
1.350855 0.770194 -0.678565 21.361335 
1.358754 0.772339 -0.675245 20.997822 
1.366725 0.774475 -0.671926 20.638748 
1.374767 0.776603 -0.668606 20.284082 
1.382882 0.778723 -0.665287 19.933791 
1.391072 0.780833 -0.661967 19.587842 
1.399336 0.782935 -0.658648 19.246203 
1.407676 0.785028 -0.655328 18.908842 
1.416094 0.787113 -0.652009 18.575726 
1.424591 0.789189 -0.648689 18.246823 
1.433167 0.791256 -0.645370 17.922101 
1.441825 0.793314 -0.642050 17.601527 
1.450565 0.795363 -0.638731 17.285071 
1.459389 0.797404 -0.635411 16.972699 
1.468298 0.799435 -0.632092 16.664381 
1.477293 0.801458 -0.628772 16.360084 
1.486377 0.803471 -0.625453 16.059777 
1.495549 0.805476 -0.622133 15.763429 
1.504813 0.807472 -0.618814 15.471007 
1.514168 0.809458 -0.615494 15.182480 
1.523617 0.811436 -0.612175 14.897818 
1.533162 0.813404 -0.608855 14.616988 
1.542803 0.815364 -0.605536 14.339961 
1.552543 0.817314 -0.602216 14.066704 
1.562383 0.819255 -0.598897 13.797186 
1.572325 0.821187 -0.595577 13.531378 
1.582371 0.823109 -0.592258 13.269248 
1.592522 0.825022 -0.588938 13.010765 
1.602780 0.826926 -0.585619 12.755898 
1.613147 0.828821 -0.582299 12.504618 
1.623625 0.830706 -0.578980 12.256894 
1.634216 0.832582 -0.575660 12.012695 
1.644922 0.834449 -0.572341 11.771992 
1.655744 0.836306 -0.569021 11.534753 
1.666685 0.838154 -0.565702 11.300949 
1.677748 0.839992 -0.562382 11.070550 
1.688934 0.841821 -0.559063 10.843526 
1.700245 0.843640 -0.555743 10.619847 
1.711684 0.845450 -0.552424 10.399483 
1.723253 0.847250 -0.549104 10.182405 
1.734954 0.849041 -0.545785 9.968583 
1.746791 0.850822 -0.542465 9.757987 
1.758764 0.852593 -0.539146 9.550589 
1.770878 0.854355 -0.535826 9.346359 
1.783135 0.856107 -0.532507 9.145267 
1.795536 0.857849 -0.529187 8.947285 
1.808086 0.859581 -0.525868 8.752384 
1.820787 0.861304 -0.522548 8.560534 
1.833641 0.863017 -0.519229 8.371707 
1.846653 0.864721 -0.515909 8.185873 
1.859824 0.866414 -0.512590 8.003006 
1.873159 0.868098 -0.509270 7.823075 
1.886659 0.869771 -0.505951 7.646052 
1.900329 0.871435 -0.502631 7.471909 
1.914173 0.873089 -0.499312 7.300618 
1.928192 0.874733 -0.495992 7.132150 
1.942392 0.876367 -0.492673 6.966477 
1.956775 0.877991 -0.489353 6.803572 
1.971346 0.879606 -0.486034 6.643406 
1.986109 0.881210 -0.482714 6.485952 
2.001066 0.882804 -0.479395 6.331181 
2.016224 0.884388 -0.476075 6.179067 
2.031584 0.885962 -0.472756 6.029581 
2.047153 0.887526 -0.469436 5.882696 
2.062935 0.889079 -0.466117 5.738385 
2.078934 0.890623 -0.462797 5.596621 
2.095154 0.892157 -0.459478 5.457376 
2.111601 0.893680 -0.456158 5.320624 
2.128280 0.895193 -0.452839 5.186337 
2.145195 0.896696 -0.449519 5.054488 
2.162353 0.898189 -0.446200 4.925051 
2.179758 0.899671 -0.442880 4.798000 
2.197417 0.901143 -0.439561 4.673307 
2.215335 0.902605 -0.436241 4.550946 
2.233517 0.904057 -0.432922 4.430890 
2.251971 0.905498 -0.429602 4.313114 
2.270702 0.906929 -0.426283 4.197592 
2.289717 0.908350 -0.422963 4.084296 
2.309023 0.909760 -0.419644 3.973202 
2.328627 0.911160 -0.416324 3.864283 
2.348536 0.912549 -0.413005 3.757514 
2.368757 0.913928 -0.409685 3.652869 
2.389298 0.915297 -0.406366 3.550322 
2.410167 0.916655 -0.403046 3.449848 
2.431373 0.918003 -0.399727 3.351422 
2.452923 0.919340 -0.396407 3.255018 
2.474826 0.920666 -0.393088 3.160612 
2.497092 0.921982 -0.389768 3.068177 
2.519730 0.923288 -0.386449 2.977690 
2.542749 0.924583 -0.383129 2.889125 
2.566160 0.925867 -0.379810 2.802458 
2.589972 0.927141 -0.376490 2.717664 
2.614197 0.928404 -0.373171 2.634719 
2.638846 0.929657 -0.369851 2.553598 
2.663930 0.930899 -0.366532 2.474277 
2.689461 0.932130 -0.363212 2.396731 
2.715452 0.933351 -0.359893 2.320938 
2.741915 0.934561 -0.356573 2.246872 
2.768864 0.935760 -0.353254 2.174510 
2.796313 0.936949 -0.349934 2.103828 
2.824275 0.938126 -0.346615 2.034802 
2.852767 0.939294 -0.343295 1.967410 
2.881802 0.940450 -0.339976 1.901627 
2.911399 0.941595 -0.336656 1.837430 
2.941572 0.942730 -0.333337 1.774797 
2.972341 0.943854 -0.330017 1.713703 
3.003722 0.944967 -0.326698 1.654127 
3.035735 0.946070 -0.323378 1.596045 
3.068400 0.947161 -0.320059 1.539435 
3.101736 0.948242 -0.316739 1.484273 
3.135766 0.949312 -0.313420 1.430538 
3.170511 0.950371 -0.310100 1.378208 
3.205995 0.951419 -0.306781 1.327259 
3.242242 0.952456 -0.303461 1.277669 
3.279277 0.953482 -0.300141 1.229418 
3.317128 0.954497 -0.296822 1.182482 
3.355820 0.955502 -0.293502 1.136841 
3.395385 0.956495 -0.290183 1.092472 
3.435851 0.957478 -0.286863 1.049353 
3.477250 0.958449 -0.283544 1.007465 
3.519616 0.959410 -0.280224 0.966784 
3.562983 0.960359 -0.276905 0.927291 
3.607389 0.961298 -0.273585 0.888964 
3.652870 0.962225 -0.270266 0.851781 
3.699467 0.963141 -0.266946 0.815723 
3.747223 0.964047 -0.263627 0.780769 
3.796182 0.964941 -0.260307 0.746898 
3.846390 0.965825 -0.256988 0.714090 
3.897897 0.966697 -0.253668 0.682324 
3.950753 0.967558 -0.250349 0.651581 
4.005014 0.968408 -0.247029 0.621840 
4.060738 0.969247 -0.243710 0.593082 
4.117983 0.970075 -0.240390 0.565286 
4.176815 0.970891 -0.237071 0.538434 
4.237302 0.971697 -0.233751 0.512505 
4.299513 0.972491 -0.230432 0.487481 
4.363527 0.973275 -0.227112 0.463342 
4.429421 0.974047 -0.223793 0.440069 
4.497282 0.974808 -0.220473 0.417643 
4.567200 0.975558 -0.217154 0.396045 
4.639270 0.976296 -0.213834 0.375258 
4.713594 0.977024 -0.210515 0.355262 
4.790281 0.977740 -0.207195 0.336038 
4.869446 0.978445 -0.203876 0.317570 
4.951213 0.979139 -0.200556 0.299838 
5.035711 0.979821 -0.197237 0.282824 
5.123083 0.980492 -0.193917 0.266512 
5.213477 0.981152 -0.190598 0.250883 
5.307055 0.981801 -0.187278 0.235920 
5.403989 0.982439 -0.183959 0.221606 
5.504464 0.983065 -0.180639 0.207923 
5.608679 0.983680 -0.177320 0.194854 
5.716848 0.984284 -0.174000 0.182383 
5.829202 0.984876 -0.170681 0.170492 
5.945990 0.985457 -0.167361 0.159166 
6.067480 0.986027 -0.164042 0.148388 
6.193965 0.986586 -0.160722 0.138142 
6.325760 0.987133 -0.157403 0.128411 
6.463208 0.987669 -0.154083 0.119180 
6.606684 0.988193 -0.150764 0.110433 
6.756593 0.988706 -0.147444 0.102154 
6.913382 0.989208 -0.144125 0.094329 
7.077535 0.989699 -0.140805 0.086941 
7.249587 0.990178 -0.137486 0.079976 
7.430124 0.990646 -0.134166 0.073419 
7.619792 0.991102 -0.130847 0.067256 
7.819303 0.991547 -0.127527 0.061471 
8.029448 0.991981 -0.124208 0.056050 
8.251101 0.992404 -0.120888 0.050980 
8.485239 0.992815 -0.117569 0.046247 
8.732948 0.993214 -0.114249 0.041836 
8.995447 0.993602 -0.110930 0.037733 
9.274106 0.993979 -0.107610 0.033927 
9.570467 0.994344 -0.104291 0.030403 
9.886276 0.994698 -0.100971 0.027149 
10.223517 0.995041 -0.097652 0.024151 
10.584451 0.995372 -0.094332 0.021398 
10.971672 0.995692 -0.091013 0.018876 
11.388164 0.996000 -0.087693 0.016574 
11.837383 0.996297 -0.084374 0.014481 
12.323350 0.996583 -0.081054 0.012583 
12.850771 0.996857 -0.077735 0.010870 
13.425195 0.997119 -0.074415 0.009330 
14.053206 0.997370 -0.071096 0.007953 
14.742677 0.997610 -0.067776 0.006727 
15.503103 0.997838 -0.064457 0.005643 
16.346043 0.998055 -0.061137 0.004690 
17.285709 0.998261 -0.057818 0.003857 
18.339775 0.998455 -0.054498 0.003136 
19.530502 0.998637 -0.051179 0.002517 
20.886326 0.998808 -0.047859 0.001990 
22.444161 0.998968 -0.044540 0.001548 
24.252811 0.999116 -0.041220 0.001180 
26.378180 0.999252 -0.037901 0.000880 
28.911472 0.999378 -0.034581 0.000638 
31.982636 0.999491 -0.031262 0.000448 
35.783365 0.999594 -0.027942 0.000303 
40.608730 0.999684 -0.024623 0.000194 
46.937713 0.999764 -0.021303 0.000117 
55.602950 0.999832 -0.017984 0.000065 
68.191002 0.999888 -0.014664 0.000032 
88.145385 0.999933 -0.011345 0.000013 
124.607088 0.999966 -0.008025 0.000004 
212.510495 0.999988 -0.004706 0.000001 
721.433979 0.999999 -0.001386 0.000000 
