     800    0.0303000
      0.00000
      11.6493
      22.9497
      34.2339
      45.3022
      56.1399
      66.7025
      76.9628
      86.9097
      96.5191
      105.755
      114.587
      122.997
      130.951
      138.425
      145.413
      151.912
      157.904
      163.389
      168.385
      172.898
      176.943
      180.555
      183.777
      186.641
      189.188
      191.472
      193.536
      195.410
      197.135
      198.742
      200.252
      201.680
      203.043
      204.353
      205.611
      206.825
      207.998
      209.134
      210.235
      211.303
      212.343
      213.356
      214.342
      215.303
      216.241
      217.155
      218.046
      218.915
      219.766
      220.597
      221.410
      222.201
      222.967
      223.703
      224.406
      225.079
      225.727
      226.361
      226.992
      227.630
      228.279
      228.941
      229.615
      230.298
      230.988
      231.683
      232.382
      233.083
      233.785
      234.485
      235.183
      235.875
      236.563
      237.244
      237.919
      238.588
      239.252
      239.913
      240.569
      241.221
      241.869
      242.512
      243.151
      243.785
      244.413
      245.036
      245.654
      246.265
      246.871
      247.472
      248.070
      248.663
      249.255
      249.843
      250.427
      251.007
      251.582
      252.151
      252.714
      253.270
      253.819
      254.362
      254.898
      255.427
      255.949
      256.464
      256.972
      257.471
      257.964
      258.448
      258.925
      259.395
      259.858
      260.315
      260.767
      261.213
      261.653
      262.087
      262.513
      262.931
      263.342
      263.746
      264.142
      264.531
      264.914
      265.291
      265.661
      266.025
      266.384
      266.737
      267.085
      267.428
      267.767
      268.102
      268.436
      268.768
      269.101
      269.434
      269.766
      270.097
      270.425
      270.750
      271.070
      271.386
      271.698
      272.006
      272.310
      272.609
      272.906
      273.198
      273.487
      273.772
      274.053
      274.331
      274.606
      274.877
      275.145
      275.410
      275.672
      275.931
      276.186
      276.439
      276.690
      276.937
      277.182
      277.426
      277.669
      277.911
      278.155
      278.398
      278.641
      278.882
      279.122
      279.359
      279.593
      279.824
      280.052
      280.277
      280.500
      280.720
      280.936
      281.151
      281.362
      281.570
      281.776
      281.980
      282.180
      282.378
      282.573
      282.766
      282.956
      283.145
      283.332
      283.519
      283.706
      283.892
      284.078
      284.263
      284.446
      284.627
      284.806
      284.982
      285.156
      285.327
      285.495
      285.662
      285.825
      285.987
      286.145
      286.302
      286.456
      286.607
      286.756
      286.902
      287.046
      287.188
      287.327
      287.464
      287.598
      287.730
      287.859
      287.986
      288.110
      288.232
      288.352
      288.469
      288.583
      288.695
      288.805
      288.912
      289.016
      289.117
      289.215
      289.310
      289.403
      289.494
      289.582
      289.668
      289.751
      289.833
      289.914
      289.993
      290.070
      290.146
      290.221
      290.296
      290.369
      290.442
      290.514
      290.586
      290.658
      290.730
      290.802
      290.875
      290.948
      291.022
      291.096
      291.171
      291.248
      291.326
      291.406
      291.488
      291.573
      291.661
      291.753
      291.846
      291.942
      292.039
      292.137
      292.235
      292.334
      292.433
      292.532
      292.632
      292.732
      292.832
      292.932
      293.032
      293.131
      293.231
      293.330
      293.428
      293.527
      293.625
      293.723
      293.820
      293.918
      294.015
      294.113
      294.210
      294.306
      294.402
      294.497
      294.591
      294.685
      294.777
      294.868
      294.958
      295.046
      295.133
      295.218
      295.300
      295.380
      295.457
      295.531
      295.601
      295.667
      295.732
      295.794
      295.855
      295.916
      295.976
      296.037
      296.098
      296.161
      296.225
      296.292
      296.362
      296.436
      296.515
      296.601
      296.694
      296.794
      296.901
      297.013
      297.130
      297.250
      297.374
      297.500
      297.628
      297.757
      297.888
      298.019
      298.150
      298.280
      298.410
      298.538
      298.665
      298.789
      298.910
      299.028
      299.142
      299.252
      299.357
      299.457
      299.552
      299.643
      299.730
      299.813
      299.892
      299.967
      300.039
      300.108
      300.172
      300.233
      300.290
      300.343
      300.392
      300.438
      300.479
      300.516
      300.550
      300.579
      300.604
      300.625
      300.641
      300.653
      300.661
      300.665
      300.664
      300.658
      300.649
      300.636
      300.620
      300.601
      300.581
      300.558
      300.532
      300.502
      300.469
      300.430
      300.388
      300.341
      300.289
      300.234
      300.175
      300.111
      300.044
      299.973
      299.898
      299.819
      299.737
      299.652
      299.563
      299.471
      299.376
      299.278
      299.177
      299.073
      298.967
      298.858
      298.746
      298.633
      298.518
      298.403
      298.287
      298.169
      298.050
      297.929
      297.805
      297.678
      297.549
      297.417
      297.283
      297.147
      297.008
      296.868
      296.726
      296.583
      296.438
      296.292
      296.145
      295.997
      295.849
      295.701
      295.552
      295.403
      295.253
      295.103
      294.952
      294.801
      294.648
      294.495
      294.341
      294.187
      294.032
      293.878
      293.723
      293.568
      293.414
      293.260
      293.106
      292.953
      292.801
      292.650
      292.500
      292.350
      292.201
      292.054
      291.907
      291.760
      291.615
      291.470
      291.327
      291.184
      291.042
      290.901
      290.762
      290.624
      290.487
      290.351
      290.217
      290.084
      289.953
      289.823
      289.695
      289.569
      289.443
      289.320
      289.197
      289.077
      288.958
      288.840
      288.724
      288.609
      288.497
      288.385
      288.275
      288.166
      288.059
      287.953
      287.848
      287.744
      287.642
      287.540
      287.440
      287.340
      287.241
      287.143
      287.046
      286.949
      286.853
      286.758
      286.663
      286.567
      286.473
      286.378
      286.284
      286.191
      286.098
      286.006
      285.915
      285.824
      285.733
      285.643
      285.554
      285.464
      285.375
      285.286
      285.197
      285.108
      285.018
      284.928
      284.838
      284.748
      284.657
      284.566
      284.475
      284.384
      284.293
      284.202
      284.111
      284.020
      283.929
      283.838
      283.747
      283.656
      283.565
      283.473
      283.382
      283.291
      283.200
      283.108
      283.017
      282.925
      282.833
      282.741
      282.649
      282.557
      282.465
      282.373
      282.281
      282.189
      282.097
      282.005
      281.913
      281.821
      281.729
      281.637
      281.545
      281.453
      281.361
      281.269
      281.177
      281.085
      280.994
      280.902
      280.810
      280.719
      280.628
      280.536
      280.445
      280.354
      280.263
      280.172
      280.081
      279.990
      279.900
      279.810
      279.719
      279.629
      279.540
      279.450
      279.362
      279.274
      279.186
      279.100
      279.014
      278.928
      278.843
      278.758
      278.673
      278.588
      278.504
      278.419
      278.335
      278.251
      278.166
      278.082
      277.998
      277.914
      277.830
      277.745
      277.661
      277.577
      277.492
      277.408
      277.323
      277.238
      277.152
      277.067
      276.981
      276.895
      276.809
      276.722
      276.635
      276.548
      276.460
      276.372
      276.283
      276.194
      276.104
      276.014
      275.923
      275.832
      275.740
      275.647
      275.553
      275.457
      275.358
      275.258
      275.155
      275.050
      274.944
      274.837
      274.729
      274.620
      274.511
      274.401
      274.290
      274.179
      274.067
      273.954
      273.842
      273.728
      273.615
      273.501
      273.387
      273.273
      273.158
      273.043
      272.929
      272.814
      272.699
      272.585
      272.470
      272.356
      272.242
      272.128
      272.014
      271.901
      271.788
      271.676
      271.564
      271.453
      271.342
      271.232
      271.122
      271.014
      270.906
      270.798
      270.692
      270.587
      270.482
      270.379
      270.276
      270.175
      270.075
      269.976
      269.878
      269.782
      269.686
      269.593
      269.501
      269.411
      269.323
      269.238
      269.157
      269.079
      269.004
      268.930
      268.859
      268.788
      268.719
      268.650
      268.583
      268.516
      268.449
      268.383
      268.318
      268.252
      268.187
      268.122
      268.056
      267.991
      267.925
      267.859
      267.792
      267.725
      267.657
      267.588
      267.519
      267.448
      267.376
      267.303
      267.228
      267.151
      267.071
      266.988
      266.901
      266.811
      266.718
      266.622
      266.524
      266.425
      266.324
      266.222
      266.118
      266.013
      265.907
      265.800
      265.692
      265.583
      265.473
      265.363
      265.251
      265.139
      265.027
      264.914
      264.800
      264.687
      264.573
      264.459
      264.345
      264.230
      264.116
      264.002
      263.889
      263.775
      263.662
      263.550
      263.438
      263.327
      263.216
      263.106
      262.997
      262.889
      262.782
      262.676
      262.571
      262.468
      262.366
      262.265
      262.167
      262.071
      261.978
      261.887
      261.799
      261.713
      261.628
      261.544
      261.462
      261.380
      261.300
      261.220
      261.141
      261.063
      260.985
      260.909
      260.833
      260.758
      260.683
      260.609
      260.536
      260.463
      260.390
      260.318
      260.247
      260.176
      260.105
      260.034
      259.964
      259.894
      259.824
      259.755
      259.685
      259.616
      259.547
      259.477
      259.408
      259.338
      259.268
      259.197
      259.125
      259.052
      258.979
      258.906
      258.832
      258.759
