128
3
  0.0000000000000E+00
  7.8125000000000E-03
  7.8125000000000E-03
  7.8125000000000E-03
  7.8125000000000E-03
  7.8125000000000E-03
  7.8125000000000E-03
  7.8125000000000E-03
  7.8125000000000E-03
  7.8125000000000E-03
  7.8125000000000E-03
  7.8125000000000E-03
  7.8125000000000E-03
  7.8125000000000E-03
  7.8125000000000E-03
  7.8125000000000E-03
  7.8125000000000E-03
  7.8125000000000E-03
  7.8125000000000E-03
  7.8125000000000E-03
  7.8125000000000E-03
  7.8125000000000E-03
  7.8125000000000E-03
  7.8125000000000E-03
  7.8125000000000E-03
  7.8125000000000E-03
  7.8125000000000E-03
  7.8125000000000E-03
  7.8125000000000E-03
  7.8125000000000E-03
  7.8125000000000E-03
  7.8125000000000E-03
  7.8125000000000E-03
  7.8125000000000E-03
  7.8125000000000E-03
  7.8125000000000E-03
  7.8125000000000E-03
  7.8125000000000E-03
  7.8125000000000E-03
  7.8125000000000E-03
  7.8125000000000E-03
  7.8125000000000E-03
  7.8125000000000E-03
  7.8125000000000E-03
  7.8125000000000E-03
  7.8125000000000E-03
  7.8125000000000E-03
  7.8125000000000E-03
  7.8125000000000E-03
  7.8125000000000E-03
  7.8125000000000E-03
  7.8125000000000E-03
  7.8125000000000E-03
  7.8125000000000E-03
  7.8125000000000E-03
  7.8125000000000E-03
  7.8125000000000E-03
  7.8125000000000E-03
  7.8125000000000E-03
  7.8125000000000E-03
  7.8125000000000E-03
  7.8125000000000E-03
  7.8125000000000E-03
  7.8125000000000E-03
  7.8125000000000E-03
  7.8125000000000E-03
  7.8125000000000E-03
  7.8125000000000E-03
  7.8125000000000E-03
  7.8125000000000E-03
  7.8125000000000E-03
  7.8125000000000E-03
  7.8125000000000E-03
  7.8125000000000E-03
  7.8125000000000E-03
  7.8125000000000E-03
  7.8125000000000E-03
  7.8125000000000E-03
  7.8125000000000E-03
  7.8125000000000E-03
  7.8125000000000E-03
  7.8125000000000E-03
  7.8125000000000E-03
  7.8125000000000E-03
  7.8125000000000E-03
  7.8125000000000E-03
  7.8125000000000E-03
  7.8125000000000E-03
  7.8125000000000E-03
  7.8125000000000E-03
  7.8125000000000E-03
  7.8125000000000E-03
  7.8125000000000E-03
  7.8125000000000E-03
  7.8125000000000E-03
  7.8125000000000E-03
  7.8125000000000E-03
  7.8125000000000E-03
  7.8125000000000E-03
  7.8125000000000E-03
  7.8125000000000E-03
  7.8125000000000E-03
  7.8125000000000E-03
  7.8125000000000E-03
  7.8125000000000E-03
  7.8125000000000E-03
  7.8125000000000E-03
  7.8125000000000E-03
  7.8125000000000E-03
  7.8125000000000E-03
  7.8125000000000E-03
  7.8125000000000E-03
  7.8125000000000E-03
  7.8125000000000E-03
  7.8125000000000E-03
  7.8125000000000E-03
  7.8125000000000E-03
  7.8125000000000E-03
  7.8125000000000E-03
  7.8125000000000E-03
  7.8125000000000E-03
  7.8125000000000E-03
  7.8125000000000E-03
  7.8125000000000E-03
  7.8125000000000E-03
  7.8125000000000E-03
  7.8125000000000E-03
  7.8125000000000E-03
  7.8125000000000E-03
 -2.9051895329462E-01 -4.8684145053381E-01 -3.3167544953341E-01
  7.2805738886088E-01  4.0254105846370E-01 -5.4028474098288E-01
  5.6545270104972E-01 -4.9596710046711E-01 -4.3707118854925E-01
 -5.0097218614292E-01  8.9236154400795E-02 -5.5247919845248E-01
  2.9721707615697E-01 -2.2201993964852E-01 -5.9989559957025E-01
  5.4417519047876E-01 -3.4278275633506E-01 -4.0041613131053E-01
 -6.2900537158025E-01  3.3325165539520E-01 -4.7849382295407E-01
 -6.0540860982107E-01 -2.5446397436670E-01  6.4330307804027E-02
 -7.9216913326453E-01 -6.7312047709914E-02  3.5396773292198E-01
  4.9294744671751E-01 -1.6037947398774E-01 -2.6456490356891E-01
 -3.3034897021674E-01  1.6748386922495E-01 -1.3476759128844E-03
 -4.7685005693724E-01 -2.0927207540367E-01 -4.8354287467334E-01
  8.3878783485621E-01 -3.9992793343550E-02 -1.1089304187115E-01
 -4.9903899237643E-01 -3.5312907307234E-01 -1.2740681884428E-01
 -8.7744011278960E-02  4.7617386317488E-01  7.8299803323980E-01
 -5.4746499466301E-01  6.2133178995839E-01  4.8593623680135E-01
 -1.1148147445881E-01 -8.6690432604869E-01 -1.8271947473618E-01
  4.7446368407957E-01  1.3713937179838E-01 -1.2247848888247E-01
  5.4446261338923E-01 -7.5353503993557E-01  2.6925743577327E-02
 -3.6809446556114E-01  8.6069438784823E-02  8.9270141390540E-01
 -6.7541582235737E-02  1.0336256387320E+00 -5.8799280805129E-02
  1.7257166599334E-01 -9.6152963641753E-03 -7.1007851471546E-03
 -3.8909490580337E-01 -4.1270911512702E-01  3.8548190444759E-01
  8.3660843292850E-01 -4.3982189993511E-01  3.9338134341361E-01
 -5.3539829416161E-01 -3.0015081446770E-01 -3.2725854605047E-01
  5.0542315242890E-01  1.6072360944444E-02  4.8492053081307E-01
  1.1507057993269E-01  7.6772957065357E-01  6.9739278532240E-01
  8.1740631418007E-01 -3.3245128487962E-01 -4.0628005762120E-02
 -3.0049056450103E-01 -3.6714679471695E-01  1.4895737185385E-02
 -2.8775473764411E-02 -8.4842290289306E-01 -8.3200303869124E-02
  7.1379175100943E-01 -5.8851500800421E-01  4.2350772043650E-01
  2.7314513965016E-01 -4.8752252766427E-01  2.0490896898347E-01
  9.2438701888867E-02  7.4248867809743E-01 -5.8500558164408E-01
 -6.3617416190911E-01 -3.4248677457013E-01  3.7832621782736E-01
 -6.4297950546571E-01 -1.4593495142137E-01  6.8090325812648E-01
  4.8895059113633E-01 -4.0533123418530E-02 -6.9236389113438E-01
 -7.3464438979148E-02  6.0169314541787E-01  4.6666019059824E-01
  5.4012543856929E-01 -7.3107120601190E-01  8.6069743196338E-02
 -6.0716032141396E-01  1.9182472978192E-01  5.3594542506690E-01
  3.9049357317702E-01  3.3116034633854E-01 -1.9186062560241E-01
  1.6755562965935E-01 -6.0211773044674E-01 -5.8282521859147E-01
 -4.8500778890623E-01  3.5994733900615E-01 -4.6586773099855E-01
  7.1970643632857E-01  4.7025398107578E-01 -4.1625525448501E-01
  5.1370926255824E-01  8.2663419429376E-01 -2.4207492742056E-01
 -8.5346793490041E-02  8.3601358213131E-01 -4.5670249706184E-01
  8.6622063867574E-04 -5.6224584312428E-01 -3.0587874925242E-01
  1.4721964523358E-01 -7.9361110576276E-01 -1.1148456488543E-01
  3.9682822257889E-01  4.8068636971412E-01  8.1377988791851E-03
  1.5028345622427E-01  9.0133505277252E-01  6.6853537262640E-02
 -4.2936551560327E-01  2.8989584212507E-01 -7.3101577382320E-01
  2.7307996010842E-01 -4.2073734389798E-01 -6.9591406757928E-02
 -2.9684260284556E-01 -5.7547786099771E-01  6.2477116316575E-01
 -3.0303435108649E-02 -6.9676173745096E-02  2.4226694659232E-01
  6.9858813907711E-01 -1.0635691686044E-01 -6.5602244094033E-01
 -2.2996540534017E-01  3.6438931866229E-02 -2.2759212184294E-02
 -1.4914687792440E-01 -5.1086699041258E-01  2.7322363214979E-01
  3.8352181252081E-01 -4.0722484332991E-01 -5.3646479291880E-01
 -8.8585335306339E-01  2.4480147436892E-02 -1.4730763441496E-01
 -5.8878816847342E-01  2.1312267357018E-01  1.9892821564085E-01
 -6.9077606035142E-01 -3.7431812662512E-01  4.4725318553992E-01
 -6.4382887351680E-01  9.1201301844826E-02 -1.2486650520435E-01
  2.8598429022752E-02 -8.7748884716100E-01  2.7295137023953E-01
 -7.6244126358358E-01  1.9163343146840E-01 -2.9509214231720E-01
 -4.8881061460476E-01  5.4801301604364E-01 -2.7363240823988E-01
 -3.4443190120542E-01 -3.0021781288243E-01 -2.7194989018902E-01
 -7.7657524874449E-01 -3.8967940774411E-01  1.3530777780877E-02
 -3.5388397225069E-01 -4.8229426992378E-01 -1.3896658370427E-01
  7.5719482796893E-01  8.0374267127947E-02  3.2808001076044E-01
 -8.5636756117170E-02  6.7829724167249E-01 -3.1542449458493E-01
 -7.1353312305048E-01  2.6812888521934E-01  4.0072680470364E-01
  7.9140399925127E-02  7.0051269931597E-01 -5.6828402287916E-01
  4.1160200958506E-01 -9.4960815179202E-02 -1.8783998311135E-01
  3.7713855087449E-01  8.4057235491343E-01  3.0014201268357E-01
  3.9864366266930E-02 -6.6038844192564E-01  7.2243493091254E-02
  1.0642176529517E-01 -1.6690253925977E-01 -8.3261163570778E-01
 -1.8739125483257E-01  8.6306023744863E-01  5.4104150671357E-01
 -3.2408565733015E-01  1.4855802359312E-01 -5.5491377438385E-01
  2.9852407097573E-01 -8.4050808406604E-01  7.1527450386040E-02
 -5.2277582459979E-03 -6.5356728513018E-02 -2.8716534382241E-02
  6.7194580437357E-02  3.8407868644267E-01  5.8171606184791E-01
 -3.4259378429798E-01 -1.4129751634059E-01 -2.4743423714852E-01
 -8.1128959276191E-02  5.5309166364458E-02  6.8087459667423E-01
  2.2731506586241E-01 -6.0975960097876E-01  1.4033390961399E-01
  1.4955768674242E-02  8.9376178718667E-01 -8.8402734171961E-02
  5.3059399276359E-01  3.4670190108728E-02 -1.0802951738816E-01
  7.7588117091841E-02  2.9146554627844E-01  5.3828922132707E-02
 -6.9011598552001E-02  8.6902667015687E-02  9.4428625281896E-01
 -2.7444738597525E-01  5.8112465631124E-01  5.9436482412303E-02
  4.1681152911534E-01  7.0137535392778E-02  5.1431629179508E-01
 -3.4930451665682E-01  3.4146044246775E-01  7.8093494232584E-01
  4.2108394814531E-01  8.6645234554783E-02  9.3390294767429E-01
 -7.9562253981508E-02 -2.9737283941382E-01 -2.0164339159896E-01
  7.1767256193511E-01 -4.5194346930602E-01  2.8437245558016E-01
 -6.1326453087712E-01 -1.3538463033666E-01 -1.5417065105333E-01
 -1.7908614106608E-01  7.3538042158954E-03 -5.9538419757958E-01
  2.6633937229814E-02 -6.9349106326542E-01  3.8318243548219E-01
  6.4274527751794E-01 -7.1650679801574E-01  2.8844972155247E-01
 -5.9595692624965E-02  2.1917681671058E-03 -6.7663091545040E-01
 -1.9431730803944E-01 -7.9591842267065E-02 -8.7236388812621E-01
  6.3607269958235E-01 -1.1046736399345E-01 -4.2824332994065E-01
  7.0310887850791E-01  6.9464183365531E-01 -2.6815488387483E-01
 -2.5451870616445E-01  5.5433586186320E-01  6.3772622060652E-01
  1.2810935861634E-01  1.2048902102623E-01 -6.0895229903670E-01
 -1.5741099952774E-01  2.1106572938521E-01  3.5875159053801E-01
  3.1501215182769E-01  4.3301081039472E-01 -5.9009389512915E-01
  3.0144840709758E-01 -4.7578654912250E-01 -3.0059952022739E-01
 -6.2064047714900E-01  4.7966770305137E-01  1.8153107268603E-01
  8.1520031740491E-01  3.4452428791737E-01 -2.8603149869964E-01
 -4.1178743064196E-01  6.0466044345011E-01 -3.4303271692591E-01
 -2.2225508073624E-01 -3.7580844856749E-01  5.1043627435624E-01
  3.9219408996796E-01  1.1204786524592E-01  5.1661004616517E-01
  2.0456536992491E-01 -8.0249707796873E-01 -1.6145799967732E-01
 -1.1413335774927E-01 -7.2940922269250E-01 -3.5217691222016E-02
 -3.9698182593134E-01  4.2572593536349E-01  3.4567571541355E-01
  7.3164517497080E-01  2.2761951504484E-01  1.9090496106377E-01
 -4.9983486153352E-01  4.1087730541255E-01  1.3144898328328E-01
 -4.0860358707251E-01 -2.8507388568865E-01  3.2091659881945E-01
  6.2574995927606E-01 -4.1154788998639E-01 -9.4867589920407E-02
 -8.3788536497468E-01 -1.5185957302106E-01 -1.1063343663467E-01
 -2.3859092108083E-01  3.3062881943741E-02  1.9151532193978E-01
  6.2014031655918E-01  6.4217565749349E-02 -4.3955118787658E-01
 -4.9251576319163E-01 -1.9050863007718E-01  7.6070786583067E-01
 -6.0873848152521E-03  5.2545434926745E-01 -4.3691973215000E-02
 -1.1741174173595E-01  4.9485833793494E-01  8.3227843923862E-01
  8.9884259996707E-01 -7.3092290096086E-02  4.5649551808467E-01
  3.3272820384660E-01 -9.3045990819191E-02 -8.3486226052942E-01
 -8.1746600762066E-01  4.5072542662708E-02  4.7111881546990E-01
  8.7009786042972E-02  9.6044159646021E-01 -3.2719921893979E-01
  8.9092619285671E-02  4.9634857265312E-01  2.4999921800918E-01
  8.0736286502849E-02  4.8248141140996E-01  3.7436490078078E-01
  2.1625070888578E-01 -6.0523839649785E-01 -3.8444787913326E-01
 -3.2933022423878E-01  6.6887706315762E-01 -1.8156826391074E-01
 -5.5808418038008E-01  1.9140318090831E-01  6.2841283486500E-01
 -5.1238969412074E-01 -2.6886939556576E-02  2.3459244734123E-02
 -3.0459160046662E-01  7.7245626773538E-01 -1.7809721442899E-01
 -4.5936711387476E-01  7.4568396927297E-02 -8.2006721402638E-01
 -1.6977364625102E-01 -6.6800015777518E-01  6.7699794430029E-01
 -1.9663327057485E-01 -7.2435756015591E-01  1.5490902894754E-01
 -1.4554441681186E-01  2.4547459894319E-01  7.8909266238408E-01
  2.1040334887559E-01  3.7603059940059E-01 -4.0666565114244E-02
  9.8453696350051E-01 -1.1242104653644E-01  8.5510562417568E-02
  7.6140698126786E-01 -5.0029768173422E-02 -2.6607069926852E-02
 -1.2014003430296E-01 -8.6233850655982E-01 -3.3132130461457E-01
 -3.6826070888178E-02  3.2018587333363E-01 -4.4123156927700E-01
 -2.3300015891372E-01 -9.9927807746247E-02 -1.2085868310340E-01
  4.6336134444322E-02 -9.2831425738704E-01 -3.4712266079598E-01
 -4.0613857909188E-01  1.0220959367537E-01 -4.5180200416446E-02
  4.8829943196507E-01  5.0441331711978E-02  5.3569075417388E-01
  4.9609861684985E-01 -2.0769597460670E-01 -6.7951221778268E-02
 -3.5089165594732E-01  4.0490677738063E-01  1.7356399847710E-01
  9.8330772852883E-01 -1.6413956004184E-01 -1.8757998777440E-03
 -1.8146669175340E-01  7.0441106133572E-01  5.3687934622838E-01
 -5.5954577381498E-01  1.2754254507427E-02 -4.3626400083246E-01
  2.7570000908341E-01  1.6345816810980E-01  4.4061041384847E-01
 -4.0530462070412E-01  3.7183832812878E-01  7.1058973444071E-01
 -6.3444352599330E-01  5.1472893799613E-01  2.2828898889282E-01
 -6.7878840942607E-01  1.1466513625301E-01 -6.8906663742455E-01
  4.2433423428270E-01  4.0218498156711E-01 -3.1673780264297E-01
  4.0328200226075E-01 -3.0105136396209E-01  2.9826094896335E-01
 -1.3079723024109E-01 -2.3484950198348E-01 -3.5616279575911E-01
  4.0824383189558E-01  6.8323501184006E-01  2.0787194215011E-01
 -2.4709975831367E-02  4.3077266934102E-01 -1.0336946959881E-01
 -1.9367175978110E-01 -1.7986371610104E-01 -1.7895469150574E-01
  6.5088028576906E-02  2.8387273627717E-01  5.9587387881865E-01
  4.5020717728631E-01  4.4259017679233E-01 -8.1939063238999E-01
 -4.5534968817186E-01  3.0908175524951E-01  1.1875056966965E-01
 -6.5379891994848E-01 -5.4892546064461E-02  9.4776035534346E-02
  2.9865434453032E-01  8.3322158074826E-01  2.2768934471658E-02
  2.0824037029035E-02 -2.2320207731744E-01  2.8947238096244E-02
 -4.1359855580573E-01  7.8259481571939E-01 -2.5866515646743E-01
 -5.4784481858996E-01 -3.4397512365114E-01 -6.5883437554414E-01
 -1.7339470665391E-01  4.3091519987923E-01  2.0929757722039E-01
  2.0336304660316E-01 -6.9072461300825E-01 -4.5579647925603E-01
  1.9739904216573E-01  3.5977322391428E-01  3.7227614354797E-01
 -6.3861101104609E-01  3.9550906856539E-01 -2.1640515875952E-01
 -4.3270521119625E-01  4.2242594966982E-01  1.5940847086460E-02
  1.0792750636689E-01 -2.2763886546868E-01  3.6236007921391E-01
 -2.2243610920294E-01 -3.7777219777619E-01  7.3339626899496E-01
  3.0201217219531E-01 -3.3880305539557E-01  4.6661885963013E-01
 -2.5751041121461E-01 -3.7468947029251E-02 -1.5033249357381E-01
  6.2918562929748E-02  1.3155492260863E-01  7.4911854098859E-01
  2.6463058928447E-01 -6.6977215450508E-01 -4.6615852975690E-01
 -6.8088487149054E-01 -1.7967029623468E-01  3.5672987941384E-01
  5.9889894052561E-01 -1.0886666976125E-01  5.5101494630264E-01
  6.5180874226437E-01  3.3197810415911E-02  4.6238671564492E-01
  1.5696806367520E-02  2.3071182762044E-01  5.9722136754297E-01
 -2.8057615239928E-01  2.3910637349984E-01 -1.6439915063181E-01
 -2.0555317179355E-01 -3.2029564461481E-01 -1.4092769646245E-01
  1.9664374421398E-01  2.7058510354485E-01  3.5856775417741E-01
  3.3970128713365E-01 -2.4187359924312E-01  5.9206080391517E-01
  6.7783314160174E-01 -6.6864110607853E-01  3.7045839745922E-01
  4.2439397955722E-01 -1.4502238961927E-02 -3.6739008870436E-01
 -7.9977393700527E-01 -5.1499143966037E-01 -1.1037430617626E-01
 -4.3076116752177E-01 -8.2472971539961E-01  2.6908897082628E-01
 -4.5911694666126E-01 -1.3986217470629E-01 -2.4225264219788E-01
 -3.4830771077607E-01  1.7395888043490E-01  7.9615298809188E-01
 -5.2304874432211E-01  3.7090836807866E-01 -1.0598842318565E-01
 -2.9983391208363E-01  7.0177174624342E-01  2.6791532184250E-01
  5.7865045013047E-01 -5.7243033945004E-01  4.1346272493292E-01
  1.0234896237344E-01 -1.0267776396047E-01 -6.9339749135817E-01
 -3.5007436078307E-01 -2.1012738404132E-01 -1.4159290292491E-01
 -7.3921076569466E-01 -4.6396751118805E-01 -1.8124330218124E-01
  8.4289115286771E-01 -2.5929910283299E-01 -4.4160482101334E-01
  1.2408302124052E-01  7.6836578536441E-01 -4.1436330693628E-01
 -2.1939872076503E-01 -3.3792864408044E-01  4.3708447966472E-01
  8.6179101739366E-01 -1.5773947684717E-01 -2.0765992708977E-01
 -2.2477328329395E-02  4.5645581066647E-01 -7.5716987639650E-01
  8.2628099704657E-01  4.9459352226880E-01 -2.5266533708906E-01
  2.2774553634791E-01 -3.0261723106645E-01  2.0919318806692E-01
 -7.3355492472145E-01 -5.3867166654873E-01 -2.7440404511844E-01
  4.7501695689717E-01  3.2759484151004E-01 -6.1783501979911E-01
 -1.7766671776459E-01 -4.0563417571655E-01 -4.8496439589535E-01
  4.3849077141977E-01  5.0100930917008E-03 -4.9282350300593E-01
  4.2843830465004E-01 -3.5968721070109E-01 -3.0070924938806E-01
 -6.9624090181285E-01 -5.0560985110758E-01 -1.5817664550649E-01
  2.3760087845008E-01 -4.7112736547680E-01 -7.9134558716502E-01
  2.8540715168686E-01 -2.7585087497322E-01  2.3486808998155E-01
 -5.3869366811324E-01  6.3951301876608E-02  3.4719718563589E-01
  6.4678451029172E-01 -8.7470199495133E-02  7.3156082870861E-01
  5.0280226743183E-01  1.2391889519444E-01 -8.2114995754494E-01
  5.9191102887331E-01 -6.5922403879224E-01  2.0703351434531E-01
  4.9415334609240E-02  4.8454115980720E-01  1.9537281646993E-01
  4.6356688202408E-03 -4.0481377179755E-01 -1.8957528087873E-01
  1.5583071445124E-01 -4.3659573209110E-01 -8.9444981071025E-01
  3.6036448150163E-01  2.2002508826759E-01 -3.0280982044773E-01
  7.5570079392757E-01  1.1958250361679E-01 -6.2779704490225E-01
  4.9173736268473E-01 -7.3403864674749E-02 -1.3993660253586E-01
  1.6231771984449E-01 -2.6508507844094E-01  2.0468795329434E-01
 -6.6550680793875E-01 -2.5440051931423E-01 -3.0155911569673E-01
 -2.0257322267545E-01  6.0874128043331E-01  3.7912747488200E-01
 -4.9056217330796E-01 -8.2552590958828E-01  3.5177375410068E-02
 -8.6210571689426E-01 -9.3066820459763E-02 -4.1802075224953E-01
  1.9789325780341E-01  5.2711025363340E-02 -5.1329196061743E-01
 -6.5850245099241E-01 -4.8330702795597E-01  8.6130525229327E-02
 -6.1465033831582E-02 -2.4370253517261E-01  3.8398914170521E-01
 -4.3470913611834E-01  7.3827882377554E-01  9.5461278470681E-02
  6.5359246474567E-02 -3.9407542599817E-01  7.0826756821283E-01
  3.5902157302173E-01  2.4027422872588E-01  2.8881540090140E-01
 -9.9106539559891E-02 -1.1458031885801E-01 -5.2462167110626E-01
  3.8683978252635E-01  8.3998265668021E-01 -2.0761202916974E-01
 -1.4403453988939E-01  2.2306657545615E-01  4.9490618097242E-01
 -6.4574095870432E-01  1.3423587061400E-01  3.0280030739508E-01
  2.5332342372140E-02 -5.1002653293575E-01 -8.3929478954607E-01
 -1.9584765208517E-02 -5.1439746261110E-01  1.8670429132143E-01
  4.8048809238936E-01  4.5800812609605E-01 -5.3181752846312E-01
 -3.7190061220318E-01  1.6915295419913E-01 -5.1476052779577E-01
  7.5140317889665E-01  4.0425923531346E-01 -4.1581396664414E-01
  5.9085085968265E-01 -5.8389219995566E-01  3.0597176716825E-01
 -6.8686418035184E-01 -3.5567695338805E-01 -1.0630974064991E-01
 -4.8362568090635E-01 -6.4215398005106E-01  4.5234378748100E-01
  4.7867079799205E-01  5.2282245620489E-01 -3.5752550322564E-01
 -2.1188774017036E-01 -3.4624966881644E-03  7.1134126053603E-01
 -3.4853144053563E-01  2.9587139993917E-01 -3.6308384403846E-01
  5.8371489847456E-01  4.2209487886440E-02  7.9893381578682E-01
  6.7229151896046E-01  5.5575072837068E-01  2.5707810870119E-01
 -1.6957761123087E-01  7.0641088191922E-01  5.3011782698688E-01
